Name	Coefficient	Coefficient_std_error	Coefficient_P_value
tabula_muris.ESmuQ1.continuous.190730__Brain_Non-Myeloid.neuron	4.042410454095275e-08	7.4610996749093e-09	3.013772322598376e-08
tabula_muris.ESmuQ1.continuous.190730__Brain_Non-Myeloid.oligodendrocyte	3.3391403271298324e-08	8.89791479382916e-09	8.74622979650185e-05
tabula_muris.ESmuQ1.continuous.190730__Brain_Non-Myeloid.Bergmann_glial_cell	4.3643317197905206e-08	1.2556534649646313e-08	0.0002547178617187411
tabula_muris.ESmuQ1.continuous.190730__Brain_Non-Myeloid.oligodendrocyte_precursor_cell	2.3606445790490665e-08	7.309130225083217e-09	0.0006195570221830467
tabula_muris.ESmuQ1.continuous.190730__Marrow.Slamf1-positive_multipotent_progenitor_cell	4.4255342519317996e-08	1.4270466310255127e-08	0.0009637422246208298
tabula_muris.ESmuQ1.continuous.190730__Marrow.naive_B_cell	7.141542542879921e-08	2.3527976793630272e-08	0.0012013205620777104
tabula_muris.ESmuQ1.continuous.190730__Marrow.late_pro-B_cell	3.65851597694155e-08	1.2789577333925147e-08	0.0021145685442956314
tabula_muris.ESmuQ1.continuous.190730__Brain_Non-Myeloid.astrocyte	2.5708084609347814e-08	1.008722696532939e-08	0.00540815497483443
tabula_muris.ESmuQ1.continuous.190730__Fat.B_cell	4.9139455378664766e-08	2.1045122531671685e-08	0.009772834572046606
tabula_muris.ESmuQ1.continuous.190730__Marrow.common_lymphoid_progenitor	2.3654459307450688e-08	1.0211869342020335e-08	0.010269060303451065
tabula_muris.ESmuQ1.continuous.190730__Spleen.B_cell	5.06997158373248e-08	2.241919650377223e-08	0.01186594572960082
tabula_muris.ESmuQ1.continuous.190730__Marrow.macrophage	4.079868935649351e-08	1.8592947965272426e-08	0.014106569947750322
tabula_muris.ESmuQ1.continuous.190730__Marrow.megakaryocyte-erythroid_progenitor_cell	4.089326148361743e-08	1.8880719667996684e-08	0.015160404957756014
tabula_muris.ESmuQ1.continuous.190730__Pancreas.pancreatic_A_cell	2.2842145772221085e-08	1.0847404423994453e-08	0.0176121401026252
tabula_muris.ESmuQ1.continuous.190730__Marrow.granulocyte_monocyte_progenitor_cell	3.4568574279388166e-08	1.7341657451460617e-08	0.023109733197493616
tabula_muris.ESmuQ1.continuous.190730__Lung.B_cell	4.0493988334594764e-08	2.0672608214571753e-08	0.025066737158192992
tabula_muris.ESmuQ1.continuous.190730__Marrow.immature_B_cell	3.382053296820549e-08	1.900705624722744e-08	0.03758978792263002
tabula_muris.ESmuQ1.continuous.190730__Limb_Muscle.B_cell	3.3380332618262436e-08	1.9958398903176167e-08	0.0472133259322373
tabula_muris.ESmuQ1.continuous.190730__Marrow.Slamf1-negative_multipotent_progenitor_cell	2.6269471731322764e-08	1.5834630119072666e-08	0.048559039160947566
tabula_muris.ESmuQ1.continuous.190730__Brain_Myeloid.microglial_cell	3.16033176205443e-08	2.021999815262843e-08	0.05902943531087721
tabula_muris.ESmuQ1.continuous.190730__Pancreas.pancreatic_acinar_cell	1.6839083305677752e-08	1.0858772185874523e-08	0.060482543995244456
tabula_muris.ESmuQ1.continuous.190730__Brain_Non-Myeloid.brain_pericyte	1.8787674542304534e-08	1.2524555814905835e-08	0.0667985067094436
tabula_muris.ESmuQ1.continuous.190730__Marrow.B_cell	2.584271272938153e-08	1.7489279147097603e-08	0.06975319654402516
tabula_muris.ESmuQ1.continuous.190730__Marrow.precursor_B_cell	2.133227983013202e-08	1.4437956011056302e-08	0.06976897555635213
tabula_muris.ESmuQ1.continuous.190730__Pancreas.type_B_pancreatic_cell	1.4584543078136638e-08	1.0242154224031828e-08	0.07722725708905047
tabula_muris.ESmuQ1.continuous.190730__Limb_Muscle.lymphocyte	3.143902847616811e-08	2.263921544417483e-08	0.08246233311156176
tabula_muris.ESmuQ1.continuous.190730__Marrow.granulocytopoietic_cell	2.566649427316026e-08	1.8636998387629944e-08	0.08422836126866401
tabula_muris.ESmuQ1.continuous.190730__Marrow.monocyte	1.7541221540340382e-08	1.4343568559976068e-08	0.1106775251676751
tabula_muris.ESmuQ1.continuous.190730__Marrow.hematopoietic_precursor_cell	2.1173409218491737e-08	1.7886757899696455e-08	0.11825646768942821
tabula_muris.ESmuQ1.continuous.190730__Brain_Myeloid.macrophage	2.8448306155222936e-08	2.4847682508895836e-08	0.126123670946859
tabula_muris.ESmuQ1.continuous.190730__Heart.smooth_muscle_cell	1.1195686064778683e-08	1.1297125809206268e-08	0.1608377247011008
tabula_muris.ESmuQ1.continuous.190730__Trachea.blood_cell	1.5241206298801874e-08	1.597727881534502e-08	0.17005952694048326
tabula_muris.ESmuQ1.continuous.190730__Pancreas.pancreatic_PP_cell	1.090275169690111e-08	1.288844084473469e-08	0.1987951849986081
tabula_muris.ESmuQ1.continuous.190730__Marrow.pre-natural_killer_cell	1.4140485771241247e-08	1.7025383581509008e-08	0.20311305846642153
tabula_muris.ESmuQ1.continuous.190730__Fat.T_cell	1.4429914892996631e-08	1.8501648366145995e-08	0.2177172439987699
tabula_muris.ESmuQ1.continuous.190730__Heart.professional_antigen_presenting_cell	6.55901641950201e-09	9.344750220345624e-09	0.2413728921733828
tabula_muris.ESmuQ1.continuous.190730__Thymus.immature_T_cell	8.46066912858418e-09	1.4615804172827845e-08	0.2813380184253192
tabula_muris.ESmuQ1.continuous.190730__Pancreas.pancreatic_D_cell	5.384328028372018e-09	9.91253036256388e-09	0.29350155613445683
tabula_muris.ESmuQ1.continuous.190730__Fat.myeloid_cell	6.795995430928538e-09	1.3184369750771948e-08	0.303116331769222
tabula_muris.ESmuQ1.continuous.190730__Fat.natural_killer_cell	6.691874494337274e-09	1.4899527470810648e-08	0.3266677365242098
tabula_muris.ESmuQ1.continuous.190730__Limb_Muscle.skeletal_muscle_satellite_cell	4.962125030575074e-09	1.128544774878696e-08	0.33007997234590136
tabula_muris.ESmuQ1.continuous.190730__Lung.T_cell	6.495098547517101e-09	1.7365520987360992e-08	0.3541937245450948
tabula_muris.ESmuQ1.continuous.190730__Liver.B_cell	8.582699413072618e-09	2.312544377271846e-08	0.35526788240439033
tabula_muris.ESmuQ1.continuous.190730__Heart.myofibroblast_cell	3.6369771019621943e-09	1.0442747830682409e-08	0.3638157872144854
tabula_muris.ESmuQ1.continuous.190730__Heart.endocardial_cell	5.195005301237967e-09	1.5685282434420145e-08	0.3702457528432757
tabula_muris.ESmuQ1.continuous.190730__Lung.classical_monocyte	4.939734340840058e-09	1.558586105617812e-08	0.3756457446133203
tabula_muris.ESmuQ1.continuous.190730__Large_Intestine.large_intestine_goblet_cell	2.640166103327255e-09	8.598712658155576e-09	0.37940569433631144
tabula_muris.ESmuQ1.continuous.190730__Heart.cardiac_muscle_cell	1.3408111354325994e-09	1.073247504061861e-08	0.4502893722263591
tabula_muris.ESmuQ1.continuous.190730__Lung.unknown_cell_type	5.800751887965323e-10	1.686586640318779e-08	0.4862817066684086
tabula_muris.ESmuQ1.continuous.190730__Tongue.basal_cell_of_epidermis	-3.651835691685403e-11	1.0268295270396559e-08	0.5014188027798394
tabula_muris.ESmuQ1.continuous.190730__Lung.ciliated_columnar_cell_of_tracheobronchial_tree	-7.885681994459039e-10	8.519836009249345e-09	0.5368721414951179
tabula_muris.ESmuQ1.continuous.190730__Large_Intestine.enteroendocrine_cell	-1.3531736169476955e-09	1.42701726140138e-08	0.5377732105993324
tabula_muris.ESmuQ1.continuous.190730__Skin.stem_cell_of_epidermis	-9.147693527866325e-10	9.454024126378582e-09	0.5385414199862052
tabula_muris.ESmuQ1.continuous.190730__Trachea.endothelial_cell	-2.851017719308378e-09	1.7525557771207308e-08	0.5646139035619465
tabula_muris.ESmuQ1.continuous.190730__Marrow.granulocyte	-2.604294416383845e-09	1.313769065887349e-08	0.5785677393753492
tabula_muris.ESmuQ1.continuous.190730__Fat.unknown_cell_type	-3.0511415144656716e-09	1.375309840766341e-08	0.5877851433550757
tabula_muris.ESmuQ1.continuous.190730__Lung.myeloid_cell	-5.09204871272288e-09	2.0493899730638817e-08	0.5981132788650005
tabula_muris.ESmuQ1.continuous.190730__Spleen.T_cell	-4.284591289631044e-09	1.2557062075466592e-08	0.6335271364518367
tabula_muris.ESmuQ1.continuous.190730__Lung.monocyte	-5.49346097996137e-09	1.5233669431723713e-08	0.6408056579418542
tabula_muris.ESmuQ1.continuous.190730__Pancreas.leukocyte	-7.654880028037037e-09	1.9606245755772816e-08	0.6518909505957335
tabula_muris.ESmuQ1.continuous.190730__Lung.epithelial_cell_of_lung	-5.6911170665201604e-09	1.3037226991560303e-08	0.6687732236111266
tabula_muris.ESmuQ1.continuous.190730__Trachea.epithelial_cell	-4.91010744128161e-09	1.093277869169592e-08	0.6733267233098582
tabula_muris.ESmuQ1.continuous.190730__Liver.endothelial_cell_of_hepatic_sinusoid	-6.832190163342682e-09	1.4992111658971693e-08	0.6757039720504019
tabula_muris.ESmuQ1.continuous.190730__Pancreas.pancreatic_ductal_cell	-5.056625988935495e-09	1.0834062017431612e-08	0.6796549287720637
tabula_muris.ESmuQ1.continuous.190730__Marrow.regulatory_T_cell	-1.0754561503342425e-08	2.236203653963282e-08	0.6847166726009206
tabula_muris.ESmuQ1.continuous.190730__Kidney.epithelial_cell_of_proximal_tubule	-5.406702123560499e-09	1.0391246568228823e-08	0.6985773302821306
tabula_muris.ESmuQ1.continuous.190730__Limb_Muscle.skeletal_muscle_satellite_stem_cell	-7.1952966652711185e-09	1.3018298978745524e-08	0.7097677518083751
tabula_muris.ESmuQ1.continuous.190730__Limb_Muscle.macrophage	-6.835972966224618e-09	1.201263720499116e-08	0.7153440297494362
tabula_muris.ESmuQ1.continuous.190730__Skin.basal_cell_of_epidermis	-5.760978691750497e-09	9.60410579895911e-09	0.7256953635845739
tabula_muris.ESmuQ1.continuous.190730__Marrow.immature_natural_killer_cell	-9.239471013547748e-09	1.5389767836890796e-08	0.7258683453759431
tabula_muris.ESmuQ1.continuous.190730__Limb_Muscle.T_cell	-1.370190745085305e-08	2.190120180060006e-08	0.7342190533122759
tabula_muris.ESmuQ1.continuous.190730__Marrow.mature_natural_killer_cell	-9.401413928256154e-09	1.4555145069232425e-08	0.7408334072630671
tabula_muris.ESmuQ1.continuous.190730__Kidney.leukocyte	-1.156517524813069e-08	1.711641956512396e-08	0.7503772074530828
tabula_muris.ESmuQ1.continuous.190730__Kidney.kidney_collecting_duct_epithelial_cell	-8.817891988998864e-09	1.2470053293080092e-08	0.7602557377743785
tabula_muris.ESmuQ1.continuous.190730__Heart.leukocyte	-9.307062328855465e-09	1.208013300081385e-08	0.7794816293652209
tabula_muris.ESmuQ1.continuous.190730__Pancreas.pancreatic_stellate_cell	-1.1251682521681178e-08	1.4541527746845302e-08	0.7804642448807064
tabula_muris.ESmuQ1.continuous.190730__Spleen.macrophage	-1.058528596260058e-08	1.3633648164158617e-08	0.7812462084057763
tabula_muris.ESmuQ1.continuous.190730__Skin.keratinocyte_stem_cell	-9.337877541649525e-09	1.0413412961755956e-08	0.81506484997439
tabula_muris.ESmuQ1.continuous.190730__Liver.Kupffer_cell	-1.4540915699122246e-08	1.5603810042752665e-08	0.8243013437166133
tabula_muris.ESmuQ1.continuous.190730__Marrow.immature_NK_T_cell	-1.520149665069023e-08	1.5797965129659124e-08	0.8320364660921377
tabula_muris.ESmuQ1.continuous.190730__Large_Intestine.Brush_cell_of_epithelium_proper_of_large_intestine	-1.4126963518562047e-08	1.3560115383998134e-08	0.8512483967071032
tabula_muris.ESmuQ1.continuous.190730__Mammary_Gland.basal_cell	-1.1950370341145688e-08	1.1335384203595515e-08	0.854116601864456
tabula_muris.ESmuQ1.continuous.190730__Marrow.immature_T_cell	-2.0026154067185995e-08	1.882010231114956e-08	0.8563544871285057
tabula_muris.ESmuQ1.continuous.190730__Mammary_Gland.luminal_epithelial_cell_of_mammary_gland	-1.1969676246466767e-08	1.1067965272552088e-08	0.8602560279526875
tabula_muris.ESmuQ1.continuous.190730__Marrow.basophil	-2.7252033803954412e-08	2.415051238057435e-08	0.8704296916478269
tabula_muris.ESmuQ1.continuous.190730__Thymus.leukocyte	-1.9466789592349956e-08	1.5590680515258448e-08	0.8940974143443584
tabula_muris.ESmuQ1.continuous.190730__Mammary_Gland.stromal_cell	-1.550780677253794e-08	1.1996191796838526e-08	0.9019473347425178
tabula_muris.ESmuQ1.continuous.190730__Heart.unknown_cell_type	-1.7131717508401073e-08	1.2993451838780112e-08	0.9063299226805521
tabula_muris.ESmuQ1.continuous.190730__Mammary_Gland.endothelial_cell	-1.849918402863785e-08	1.3598641895691636e-08	0.913143561298597
tabula_muris.ESmuQ1.continuous.190730__Lung.lung_endothelial_cell	-1.735991198392362e-08	1.2715935828491577e-08	0.9139063388306328
tabula_muris.ESmuQ1.continuous.190730__Limb_Muscle.mesenchymal_stem_cell	-1.2717280119125669e-08	9.193520986389046e-09	0.9167115929881902
tabula_muris.ESmuQ1.continuous.190730__Fat.mesenchymal_stem_cell_of_adipose	-1.670075596473576e-08	1.1667609013995289e-08	0.9238390094815274
tabula_muris.ESmuQ1.continuous.190730__Bladder.bladder_urothelial_cell	-1.6101588757170456e-08	1.1037653289261194e-08	0.9276881743781835
tabula_muris.ESmuQ1.continuous.190730__Thymus.DN1_thymic_pro-T_cell	-2.3979454609884886e-08	1.5971702437754876e-08	0.9333702151799906
tabula_muris.ESmuQ1.continuous.190730__Kidney.macrophage	-3.899262595663581e-08	2.5966114008983832e-08	0.9334092777493763
tabula_muris.ESmuQ1.continuous.190730__Liver.hepatocyte	-1.1554356459201674e-08	7.546687905046627e-09	0.9371214811672578
tabula_muris.ESmuQ1.continuous.190730__Limb_Muscle.endothelial_cell	-1.6397623304028048e-08	1.0360091715353244e-08	0.9432628418418001
tabula_muris.ESmuQ1.continuous.190730__Lung.natural_killer_cell	-2.463652318578226e-08	1.55270221608963e-08	0.9437082164718329
tabula_muris.ESmuQ1.continuous.190730__Liver.natural_killer_cell	-2.8601936000060688e-08	1.799137280612992e-08	0.9440553626254535
tabula_muris.ESmuQ1.continuous.190730__Heart.erythrocyte	-1.215838290907605e-08	7.2541627234129325e-09	0.9531363872784737
tabula_muris.ESmuQ1.continuous.190730__Lung.leukocyte	-1.8661285397042527e-08	1.0510065933969374e-08	0.9620975228826537
tabula_muris.ESmuQ1.continuous.190730__Kidney.endothelial_cell	-2.551036548306247e-08	1.229579104410299e-08	0.9809939116182761
tabula_muris.ESmuQ1.continuous.190730__Pancreas.endothelial_cell	-3.104638007443542e-08	1.4604048960936187e-08	0.9832431583325847
tabula_muris.ESmuQ1.continuous.190730__Large_Intestine.epithelial_cell_of_large_intestine	-1.9843608681634167e-08	9.122961744702913e-09	0.9851897336263564
tabula_muris.ESmuQ1.continuous.190730__Heart.fibroblast	-2.1993316866606084e-08	9.56830223383071e-09	0.9892350316832282
tabula_muris.ESmuQ1.continuous.190730__Tongue.keratinocyte	-1.610844659987333e-08	6.930848377267577e-09	0.989941717796434
tabula_muris.ESmuQ1.continuous.190730__Heart.endothelial_cell	-2.4959563305346007e-08	1.0598978726422102e-08	0.9907362210936664
tabula_muris.ESmuQ1.continuous.190730__Skin.leukocyte	-4.51620598171784e-08	1.8655757475081186e-08	0.9922570332647203
tabula_muris.ESmuQ1.continuous.190730__Skin.epidermal_cell	-2.4513970551193982e-08	9.071592218723972e-09	0.9965566996021089
tabula_muris.ESmuQ1.continuous.190730__Brain_Non-Myeloid.endothelial_cell	-3.231159976081132e-08	1.1889713500535077e-08	0.9967122315007508
tabula_muris.ESmuQ1.continuous.190730__Trachea.mesenchymal_cell	-2.455098629316144e-08	8.997372555500397e-09	0.9968206195042975
tabula_muris.ESmuQ1.continuous.190730__Fat.endothelial_cell	-3.375094118979055e-08	1.1220532245457793e-08	0.9986849724253233
tabula_muris.ESmuQ1.continuous.190730__Bladder.bladder_cell	-2.8949769830890293e-08	8.857861509555529e-09	0.9994589401407624
tabula_muris.ESmuQ1.continuous.190730__Lung.stromal_cell	-3.330475777901146e-08	9.867404103196313e-09	0.9996312298056617
tabula_muris.ESmuQ1.continuous.190730__Large_Intestine.enterocyte_of_epithelium_of_large_intestine	-2.8431126320718737e-08	7.791100506346572e-09	0.9998684605173827
