Name	Coefficient	Coefficient_std_error	Coefficient_P_value
tabula_muris.ESmuQ2.continuous.190730__Brain_Non-Myeloid.neuron	3.972128089718206e-08	6.994913955109611e-09	6.790294344634524e-09
tabula_muris.ESmuQ2.continuous.190730__Brain_Non-Myeloid.Bergmann_glial_cell	4.082068264826188e-08	1.1658461631853593e-08	0.00023142930051972568
tabula_muris.ESmuQ2.continuous.190730__Brain_Non-Myeloid.oligodendrocyte_precursor_cell	2.272798350957905e-08	6.6446951587921694e-09	0.00031256462176144993
tabula_muris.ESmuQ2.continuous.190730__Marrow.Slamf1-positive_multipotent_progenitor_cell	3.343482678224039e-08	1.1545945009905854e-08	0.00189092539321553
tabula_muris.ESmuQ2.continuous.190730__Brain_Non-Myeloid.astrocyte	2.3051070775591014e-08	9.009608193266346e-09	0.0052562607844719444
tabula_muris.ESmuQ2.continuous.190730__Marrow.naive_B_cell	4.133147566084527e-08	1.6426005054156196e-08	0.005931021579229414
tabula_muris.ESmuQ2.continuous.190730__Marrow.common_lymphoid_progenitor	2.1157956966385093e-08	9.260067669510185e-09	0.01116052302285581
tabula_muris.ESmuQ2.continuous.190730__Marrow.Slamf1-negative_multipotent_progenitor_cell	2.5079522965235955e-08	1.1356678799702695e-08	0.013609938086660181
tabula_muris.ESmuQ2.continuous.190730__Limb_Muscle.B_cell	3.707680228393208e-08	1.7574349115885705e-08	0.017441616848307875
tabula_muris.ESmuQ2.continuous.190730__Pancreas.pancreatic_A_cell	2.0261003118081253e-08	1.0095874660167528e-08	0.022382306590884485
tabula_muris.ESmuQ2.continuous.190730__Pancreas.pancreatic_acinar_cell	2.1717630960425345e-08	1.1300590304900482e-08	0.0273145924869353
tabula_muris.ESmuQ2.continuous.190730__Marrow.immature_B_cell	2.7452623201447983e-08	1.4622303048884362e-08	0.030228314099201608
tabula_muris.ESmuQ2.continuous.190730__Marrow.macrophage	3.1657549256370837e-08	1.6888985512050255e-08	0.03043425301841733
tabula_muris.ESmuQ2.continuous.190730__Spleen.B_cell	2.4898386492512475e-08	1.3448413192470494e-08	0.0320560449678008
tabula_muris.ESmuQ2.continuous.190730__Marrow.late_pro-B_cell	2.6489261330559895e-08	1.511720123622226e-08	0.03986458781327002
tabula_muris.ESmuQ2.continuous.190730__Brain_Non-Myeloid.oligodendrocyte	1.3638456515656197e-08	8.216121176456333e-09	0.04846095592189319
tabula_muris.ESmuQ2.continuous.190730__Marrow.granulocytopoietic_cell	2.8411301742574686e-08	1.7326400400076568e-08	0.05052655810859663
tabula_muris.ESmuQ2.continuous.190730__Marrow.granulocyte	1.478772904084294e-08	9.563029994816023e-09	0.061010818713486195
tabula_muris.ESmuQ2.continuous.190730__Marrow.hematopoietic_precursor_cell	2.2765394998476577e-08	1.4841096889278308e-08	0.0625218520635887
tabula_muris.ESmuQ2.continuous.190730__Lung.B_cell	2.7095820502123807e-08	1.7917083849388252e-08	0.06523009617016717
tabula_muris.ESmuQ2.continuous.190730__Marrow.megakaryocyte-erythroid_progenitor_cell	2.7836005886293378e-08	1.8764041071918618e-08	0.0689739850149956
tabula_muris.ESmuQ2.continuous.190730__Marrow.precursor_B_cell	1.5980292933761533e-08	1.116058199032861e-08	0.07609320257967785
tabula_muris.ESmuQ2.continuous.190730__Brain_Myeloid.macrophage	1.9115289594125157e-08	1.3528886019718824e-08	0.07883901572768387
tabula_muris.ESmuQ2.continuous.190730__Brain_Non-Myeloid.brain_pericyte	1.6886698794116103e-08	1.2405589612368865e-08	0.0867225703660725
tabula_muris.ESmuQ2.continuous.190730__Marrow.B_cell	1.7909885186450152e-08	1.3532639305386137e-08	0.09284149057555469
tabula_muris.ESmuQ2.continuous.190730__Brain_Myeloid.microglial_cell	2.046128239137206e-08	1.72044151198272e-08	0.11716000039426572
tabula_muris.ESmuQ2.continuous.190730__Pancreas.type_B_pancreatic_cell	1.0670442542618934e-08	8.998012237094654e-09	0.11783748455969861
tabula_muris.ESmuQ2.continuous.190730__Marrow.granulocyte_monocyte_progenitor_cell	1.8338443598763783e-08	1.5936877929586684e-08	0.1249294113563989
tabula_muris.ESmuQ2.continuous.190730__Marrow.monocyte	1.1186550955791607e-08	1.0663899245984879e-08	0.14708645570578094
tabula_muris.ESmuQ2.continuous.190730__Heart.smooth_muscle_cell	1.0125619776273132e-08	1.0890321507716781e-08	0.1762421060366961
tabula_muris.ESmuQ2.continuous.190730__Trachea.blood_cell	1.0346686481081257e-08	1.2540699470991146e-08	0.2046720010782908
tabula_muris.ESmuQ2.continuous.190730__Fat.T_cell	1.109229437461397e-08	1.449599853956631e-08	0.22207712742794128
tabula_muris.ESmuQ2.continuous.190730__Heart.professional_antigen_presenting_cell	6.294333436292024e-09	8.645271765929274e-09	0.233286415684254
tabula_muris.ESmuQ2.continuous.190730__Fat.B_cell	1.0114821317862301e-08	1.4102998450397097e-08	0.2366220506071422
tabula_muris.ESmuQ2.continuous.190730__Pancreas.pancreatic_D_cell	6.422312182225996e-09	9.316680475709399e-09	0.24530629789673802
tabula_muris.ESmuQ2.continuous.190730__Lung.epithelial_cell_of_lung	8.521109146081932e-09	1.53554819500705e-08	0.2894736860874412
tabula_muris.ESmuQ2.continuous.190730__Heart.myofibroblast_cell	4.851888052364115e-09	9.531403624746738e-09	0.3053612715452674
tabula_muris.ESmuQ2.continuous.190730__Large_Intestine.large_intestine_goblet_cell	4.336264617126624e-09	8.599842106436587e-09	0.3070512600761121
tabula_muris.ESmuQ2.continuous.190730__Pancreas.pancreatic_PP_cell	5.2485012308229625e-09	1.1045646886381947e-08	0.3173348010917046
tabula_muris.ESmuQ2.continuous.190730__Marrow.pre-natural_killer_cell	7.051288324990433e-09	1.5708490490646754e-08	0.3267577088461616
tabula_muris.ESmuQ2.continuous.190730__Lung.T_cell	5.5767832552639215e-09	1.4778608779193417e-08	0.35295486828935296
tabula_muris.ESmuQ2.continuous.190730__Heart.cardiac_muscle_cell	3.607881540106967e-09	9.899043450862982e-09	0.35775439682119237
tabula_muris.ESmuQ2.continuous.190730__Limb_Muscle.lymphocyte	6.4578185361150015e-09	1.783231318538158e-08	0.35862319060431436
tabula_muris.ESmuQ2.continuous.190730__Lung.classical_monocyte	3.2056350964287513e-09	1.551777691582579e-08	0.41816962651055906
tabula_muris.ESmuQ2.continuous.190730__Tongue.basal_cell_of_epidermis	1.5412765954771623e-09	8.705988155263177e-09	0.4297399083275548
tabula_muris.ESmuQ2.continuous.190730__Lung.monocyte	2.580668340468273e-10	1.503324422988781e-08	0.49315192958882953
tabula_muris.ESmuQ2.continuous.190730__Lung.ciliated_columnar_cell_of_tracheobronchial_tree	-5.116932744239302e-10	8.417427009710065e-09	0.5242366727975656
tabula_muris.ESmuQ2.continuous.190730__Trachea.endothelial_cell	-2.5672579460812995e-09	1.4984729649453616e-08	0.5680158654504827
tabula_muris.ESmuQ2.continuous.190730__Liver.B_cell	-3.2981126724179953e-09	1.8771058927957712e-08	0.5697359696154862
tabula_muris.ESmuQ2.continuous.190730__Thymus.immature_T_cell	-2.011871947942684e-09	1.1121734923762558e-08	0.5717752046926117
tabula_muris.ESmuQ2.continuous.190730__Spleen.T_cell	-2.6098731225331617e-09	1.0815081382949304e-08	0.5953456448550596
tabula_muris.ESmuQ2.continuous.190730__Limb_Muscle.T_cell	-5.220296429209513e-09	2.1565503831471777e-08	0.5956358690250899
tabula_muris.ESmuQ2.continuous.190730__Heart.leukocyte	-3.134353552207301e-09	1.1086260524797887e-08	0.6113058478188134
tabula_muris.ESmuQ2.continuous.190730__Liver.endothelial_cell_of_hepatic_sinusoid	-3.7053501568005875e-09	1.2948744291657321e-08	0.6126203620742239
tabula_muris.ESmuQ2.continuous.190730__Limb_Muscle.skeletal_muscle_satellite_cell	-3.2557726736052505e-09	1.0484730054007609e-08	0.6219191923400427
tabula_muris.ESmuQ2.continuous.190730__Skin.basal_cell_of_epidermis	-3.0790219047036626e-09	9.321972095672118e-09	0.62941232104161
tabula_muris.ESmuQ2.continuous.190730__Pancreas.pancreatic_stellate_cell	-4.511288285607208e-09	1.344389553686373e-08	0.6314001883251966
tabula_muris.ESmuQ2.continuous.190730__Fat.unknown_cell_type	-5.558252049911218e-09	1.2390931955793645e-08	0.6731305657196756
tabula_muris.ESmuQ2.continuous.190730__Lung.unknown_cell_type	-6.790522990822871e-09	1.4103507930839054e-08	0.6849114478916514
tabula_muris.ESmuQ2.continuous.190730__Heart.endocardial_cell	-6.4796480513066445e-09	1.2794089602355492e-08	0.6937318410829894
tabula_muris.ESmuQ2.continuous.190730__Trachea.epithelial_cell	-4.888696138352392e-09	9.542301855451322e-09	0.6957858801862576
tabula_muris.ESmuQ2.continuous.190730__Marrow.mature_natural_killer_cell	-6.205808454634846e-09	1.1138515526172382e-08	0.7112870514692178
tabula_muris.ESmuQ2.continuous.190730__Pancreas.leukocyte	-9.145351360720276e-09	1.616132873135948e-08	0.7142618719963304
tabula_muris.ESmuQ2.continuous.190730__Lung.myeloid_cell	-1.1163084958330882e-08	1.8484063298458573e-08	0.7270549917209166
tabula_muris.ESmuQ2.continuous.190730__Fat.myeloid_cell	-5.761459154524665e-09	9.519960655197025e-09	0.7274762081408335
tabula_muris.ESmuQ2.continuous.190730__Large_Intestine.Brush_cell_of_epithelium_proper_of_large_intestine	-8.160164179714684e-09	1.2717342609956694e-08	0.7394518454251281
tabula_muris.ESmuQ2.continuous.190730__Large_Intestine.enteroendocrine_cell	-9.399570928497267e-09	1.3769578339079312e-08	0.7525806660320975
tabula_muris.ESmuQ2.continuous.190730__Fat.natural_killer_cell	-8.296494115296074e-09	1.2061183585511409e-08	0.7542318333420759
tabula_muris.ESmuQ2.continuous.190730__Marrow.immature_natural_killer_cell	-9.713552515327058e-09	1.3481702104509731e-08	0.7643910839715973
tabula_muris.ESmuQ2.continuous.190730__Lung.leukocyte	-7.721221868702101e-09	1.0658895491232057e-08	0.7655875385216389
tabula_muris.ESmuQ2.continuous.190730__Limb_Muscle.endothelial_cell	-8.045246784271642e-09	1.0282930077389873e-08	0.7830068704918801
tabula_muris.ESmuQ2.continuous.190730__Liver.hepatocyte	-6.294713043808594e-09	7.642242109296105e-09	0.794937477099317
tabula_muris.ESmuQ2.continuous.190730__Liver.Kupffer_cell	-1.1724073069411812e-08	1.3908897471171671e-08	0.8003631090794254
tabula_muris.ESmuQ2.continuous.190730__Mammary_Gland.stromal_cell	-8.398897004043571e-09	9.861312876407846e-09	0.8028101633493867
tabula_muris.ESmuQ2.continuous.190730__Skin.stem_cell_of_epidermis	-6.981384608484632e-09	7.950912909788955e-09	0.8100446260427261
tabula_muris.ESmuQ2.continuous.190730__Large_Intestine.epithelial_cell_of_large_intestine	-7.42872001874921e-09	8.212383765757738e-09	0.8171548036323693
tabula_muris.ESmuQ2.continuous.190730__Kidney.epithelial_cell_of_proximal_tubule	-9.162515687098262e-09	9.789605917560783e-09	0.8253487991481183
tabula_muris.ESmuQ2.continuous.190730__Marrow.regulatory_T_cell	-2.1321415563091287e-08	2.1369991194056548e-08	0.8407941029149318
tabula_muris.ESmuQ2.continuous.190730__Skin.keratinocyte_stem_cell	-8.756790344224247e-09	8.668689916121717e-09	0.843791413305838
tabula_muris.ESmuQ2.continuous.190730__Mammary_Gland.endothelial_cell	-1.4463572439540028e-08	1.4311857017214267e-08	0.8438962049815135
tabula_muris.ESmuQ2.continuous.190730__Marrow.basophil	-2.4185462503810773e-08	2.2874997850751998e-08	0.8548099336096378
tabula_muris.ESmuQ2.continuous.190730__Marrow.immature_T_cell	-1.791473135610335e-08	1.6772870570238828e-08	0.8572572993557317
tabula_muris.ESmuQ2.continuous.190730__Kidney.macrophage	-2.5709822396661164e-08	2.3964199016833032e-08	0.8583292107565855
tabula_muris.ESmuQ2.continuous.190730__Liver.natural_killer_cell	-1.67854139980932e-08	1.5286075556651808e-08	0.8639163658137652
tabula_muris.ESmuQ2.continuous.190730__Pancreas.pancreatic_ductal_cell	-1.1261052247717218e-08	1.0160833161767339e-08	0.8661296314069786
tabula_muris.ESmuQ2.continuous.190730__Brain_Non-Myeloid.endothelial_cell	-1.3657639248701747e-08	1.2150085370113914e-08	0.8695099542230702
tabula_muris.ESmuQ2.continuous.190730__Thymus.leukocyte	-1.8037268269228877e-08	1.594123006461243e-08	0.8710745668182449
tabula_muris.ESmuQ2.continuous.190730__Thymus.DN1_thymic_pro-T_cell	-1.6455393591357012e-08	1.43639264413806e-08	0.8740207963488527
tabula_muris.ESmuQ2.continuous.190730__Mammary_Gland.luminal_epithelial_cell_of_mammary_gland	-1.1999677413068672e-08	1.0444027884083321e-08	0.8747119292423997
tabula_muris.ESmuQ2.continuous.190730__Limb_Muscle.mesenchymal_stem_cell	-1.0386862063096066e-08	8.85911589308058e-09	0.8794915929238878
tabula_muris.ESmuQ2.continuous.190730__Limb_Muscle.macrophage	-1.3279401593271941e-08	1.0756618449267776e-08	0.8914978410066288
tabula_muris.ESmuQ2.continuous.190730__Limb_Muscle.skeletal_muscle_satellite_stem_cell	-1.2580262254252692e-08	9.981946129652247e-09	0.8962197008258139
tabula_muris.ESmuQ2.continuous.190730__Fat.mesenchymal_stem_cell_of_adipose	-1.2979678077754102e-08	1.0152557695629632e-08	0.8994570397436115
tabula_muris.ESmuQ2.continuous.190730__Marrow.immature_NK_T_cell	-1.792546398673983e-08	1.3747600647767186e-08	0.9038657568133608
tabula_muris.ESmuQ2.continuous.190730__Spleen.macrophage	-1.4967554916433757e-08	1.0912417792256972e-08	0.9149071829474781
tabula_muris.ESmuQ2.continuous.190730__Heart.unknown_cell_type	-1.6900396010280945e-08	1.2157759224968038e-08	0.9177494311377732
tabula_muris.ESmuQ2.continuous.190730__Kidney.leukocyte	-2.1058960924689858e-08	1.5142564366916794e-08	0.9178437611068313
tabula_muris.ESmuQ2.continuous.190730__Pancreas.endothelial_cell	-1.8269861185718587e-08	1.2961203877927946e-08	0.9206682166217928
tabula_muris.ESmuQ2.continuous.190730__Fat.endothelial_cell	-1.8802670052488015e-08	1.287152230963934e-08	0.9279643016988313
tabula_muris.ESmuQ2.continuous.190730__Heart.fibroblast	-1.2474091569814501e-08	8.499137732105953e-09	0.9289056497376594
tabula_muris.ESmuQ2.continuous.190730__Kidney.kidney_collecting_duct_epithelial_cell	-1.7657483562040032e-08	1.2029778023654101e-08	0.9289227018505517
tabula_muris.ESmuQ2.continuous.190730__Mammary_Gland.basal_cell	-1.6109145349112992e-08	1.0433993096819337e-08	0.9386949205694111
tabula_muris.ESmuQ2.continuous.190730__Bladder.bladder_urothelial_cell	-1.31786439385426e-08	8.458761338259742e-09	0.9403818874521084
tabula_muris.ESmuQ2.continuous.190730__Tongue.keratinocyte	-1.0484451799547195e-08	6.620389545779163e-09	0.9433645418524201
tabula_muris.ESmuQ2.continuous.190730__Trachea.mesenchymal_cell	-1.4310846870011428e-08	8.192840003558638e-09	0.959659681501954
tabula_muris.ESmuQ2.continuous.190730__Bladder.bladder_cell	-1.638198106331196e-08	8.887108550346406e-09	0.9673604587494908
tabula_muris.ESmuQ2.continuous.190730__Lung.natural_killer_cell	-2.9030342567640287e-08	1.515722867999118e-08	0.9722716212410589
tabula_muris.ESmuQ2.continuous.190730__Heart.erythrocyte	-1.2866749221533892e-08	6.517413952826429e-09	0.9758211125755427
tabula_muris.ESmuQ2.continuous.190730__Large_Intestine.enterocyte_of_epithelium_of_large_intestine	-1.7530457323489098e-08	7.3056575210075175e-09	0.9917928929932964
tabula_muris.ESmuQ2.continuous.190730__Skin.epidermal_cell	-2.068472591986897e-08	8.181007303445508e-09	0.9942705486270539
tabula_muris.ESmuQ2.continuous.190730__Kidney.endothelial_cell	-2.7849937092166116e-08	1.0243141460770256e-08	0.9967248941164585
tabula_muris.ESmuQ2.continuous.190730__Skin.leukocyte	-4.1102159116057563e-08	1.501679540732301e-08	0.996900632101905
tabula_muris.ESmuQ2.continuous.190730__Lung.lung_endothelial_cell	-3.007257889056654e-08	1.0728027156009257e-08	0.9974699200586337
tabula_muris.ESmuQ2.continuous.190730__Heart.endothelial_cell	-2.5479810461596196e-08	8.503522685269236e-09	0.99863398453593
tabula_muris.ESmuQ2.continuous.190730__Lung.stromal_cell	-2.6088893620543645e-08	8.577563074826502e-09	0.9988230945234308
