Name	Coefficient	Coefficient_std_error	Coefficient_P_value
tabula_muris.ESmuQ2.continuous.190730__Pancreas.pancreatic_A_cell	1.3127352512872446e-07	5.0059945313280124e-08	0.004366585060117319
tabula_muris.ESmuQ2.continuous.190730__Pancreas.pancreatic_PP_cell	1.2769788985641374e-07	5.2334256425582876e-08	0.007342735984497806
tabula_muris.ESmuQ2.continuous.190730__Lung.unknown_cell_type	1.3085449567110395e-07	6.122518532149543e-08	0.016288188771865535
tabula_muris.ESmuQ2.continuous.190730__Pancreas.type_B_pancreatic_cell	1.8302053465577726e-07	8.676143527488604e-08	0.017452071205898194
tabula_muris.ESmuQ2.continuous.190730__Liver.hepatocyte	1.0682935282534729e-07	6.234040216144084e-08	0.0432969211926336
tabula_muris.ESmuQ2.continuous.190730__Liver.Kupffer_cell	3.181304065842813e-07	1.906745540460921e-07	0.04761350255537854
tabula_muris.ESmuQ2.continuous.190730__Brain_Non-Myeloid.neuron	6.636579570063435e-08	4.176297379106161e-08	0.0560182223305728
tabula_muris.ESmuQ2.continuous.190730__Pancreas.pancreatic_D_cell	7.653461748913304e-08	5.0649830578364134e-08	0.06538737582342197
tabula_muris.ESmuQ2.continuous.190730__Pancreas.pancreatic_acinar_cell	1.1154705148834835e-07	7.514768749027402e-08	0.06885525583278454
tabula_muris.ESmuQ2.continuous.190730__Brain_Non-Myeloid.oligodendrocyte	8.662212365519215e-08	6.319979737737352e-08	0.08524865367015172
tabula_muris.ESmuQ2.continuous.190730__Pancreas.endothelial_cell	1.895999690598141e-07	1.406866502670042e-07	0.08888136790767559
tabula_muris.ESmuQ2.continuous.190730__Brain_Non-Myeloid.brain_pericyte	2.314547309367833e-07	1.831766208293155e-07	0.1031939207859186
tabula_muris.ESmuQ2.continuous.190730__Brain_Non-Myeloid.astrocyte	5.821673516767693e-08	4.667578232958349e-08	0.1061514865255691
tabula_muris.ESmuQ2.continuous.190730__Pancreas.pancreatic_ductal_cell	8.495158169833494e-08	6.884381454763437e-08	0.10860601360595967
tabula_muris.ESmuQ2.continuous.190730__Heart.smooth_muscle_cell	2.171169671577034e-07	1.9531024590390526e-07	0.13314396688640068
tabula_muris.ESmuQ2.continuous.190730__Large_Intestine.enteroendocrine_cell	4.8519520292883816e-08	4.527232358527964e-08	0.1419215892240911
tabula_muris.ESmuQ2.continuous.190730__Heart.cardiac_muscle_cell	1.389723121410463e-07	1.382112089942829e-07	0.15732643549758046
tabula_muris.ESmuQ2.continuous.190730__Limb_Muscle.skeletal_muscle_satellite_stem_cell	1.491639763598135e-07	1.484976107861453e-07	0.15757187497278352
tabula_muris.ESmuQ2.continuous.190730__Pancreas.leukocyte	9.221156884766355e-08	9.588571002171717e-08	0.16810466387519363
tabula_muris.ESmuQ2.continuous.190730__Heart.myofibroblast_cell	8.702107395497244e-08	9.433930685974774e-08	0.1781530835935563
tabula_muris.ESmuQ2.continuous.190730__Pancreas.pancreatic_stellate_cell	7.279638341637642e-08	8.317022314793294e-08	0.19071356488566255
tabula_muris.ESmuQ2.continuous.190730__Liver.B_cell	5.4310757857560165e-08	6.909595336081412e-08	0.21592806910290974
tabula_muris.ESmuQ2.continuous.190730__Brain_Non-Myeloid.oligodendrocyte_precursor_cell	2.605568189994682e-08	3.4093850393075723e-08	0.22236388466890794
tabula_muris.ESmuQ2.continuous.190730__Marrow.pre-natural_killer_cell	1.1244106996174402e-07	1.498909858449075e-07	0.22658148738433243
tabula_muris.ESmuQ2.continuous.190730__Lung.B_cell	6.340354869256567e-08	8.991162508104203e-08	0.24035025864254772
tabula_muris.ESmuQ2.continuous.190730__Kidney.epithelial_cell_of_proximal_tubule	4.6954950180460194e-08	6.792742900425036e-08	0.24470369233614686
tabula_muris.ESmuQ2.continuous.190730__Marrow.late_pro-B_cell	5.880045362410193e-08	9.201855950009861e-08	0.26140936589261093
tabula_muris.ESmuQ2.continuous.190730__Spleen.T_cell	5.956762747215062e-08	1.016417045948373e-07	0.2789192832452775
tabula_muris.ESmuQ2.continuous.190730__Lung.lung_endothelial_cell	5.1195741218309154e-08	9.074929015346562e-08	0.28632779151348364
tabula_muris.ESmuQ2.continuous.190730__Mammary_Gland.basal_cell	3.769314020399578e-08	7.503137251354926e-08	0.30770537483735033
tabula_muris.ESmuQ2.continuous.190730__Large_Intestine.large_intestine_goblet_cell	1.5421651922805655e-08	3.1277064203397284e-08	0.3109830334931609
tabula_muris.ESmuQ2.continuous.190730__Fat.unknown_cell_type	4.988482573885838e-08	1.0512842366122898e-07	0.3175669901881273
tabula_muris.ESmuQ2.continuous.190730__Brain_Myeloid.macrophage	2.6202366670327974e-08	6.108580194865177e-08	0.33398211773506314
tabula_muris.ESmuQ2.continuous.190730__Fat.endothelial_cell	2.879411819876316e-08	7.466544030781146e-08	0.3498809688595678
tabula_muris.ESmuQ2.continuous.190730__Skin.keratinocyte_stem_cell	1.6535425399300803e-08	4.6263440688755156e-08	0.36038913659160166
tabula_muris.ESmuQ2.continuous.190730__Skin.epidermal_cell	2.143751830042896e-08	8.114259182745657e-08	0.3958145884860993
tabula_muris.ESmuQ2.continuous.190730__Mammary_Gland.luminal_epithelial_cell_of_mammary_gland	1.173162354933754e-08	4.692950588764159e-08	0.40129987791397503
tabula_muris.ESmuQ2.continuous.190730__Skin.stem_cell_of_epidermis	8.383631922934164e-09	3.8980503720862e-08	0.41485542164557315
tabula_muris.ESmuQ2.continuous.190730__Trachea.blood_cell	1.016743721650328e-08	5.5421659035343474e-08	0.4272201103984625
tabula_muris.ESmuQ2.continuous.190730__Large_Intestine.epithelial_cell_of_large_intestine	6.177665229391558e-09	3.52739099300587e-08	0.43048712373329456
tabula_muris.ESmuQ2.continuous.190730__Limb_Muscle.T_cell	1.7268381506330635e-08	1.302327719999195e-07	0.44725633605632614
tabula_muris.ESmuQ2.continuous.190730__Limb_Muscle.macrophage	9.892029015810879e-09	7.865937165221219e-08	0.44996182618518943
tabula_muris.ESmuQ2.continuous.190730__Liver.endothelial_cell_of_hepatic_sinusoid	9.304872035930369e-09	7.629793798599518e-08	0.45146755160535834
tabula_muris.ESmuQ2.continuous.190730__Trachea.epithelial_cell	7.029020017248363e-10	4.2602264264256695e-08	0.4934180821096548
tabula_muris.ESmuQ2.continuous.190730__Marrow.mature_natural_killer_cell	-3.4865861649784956e-09	7.043052968894985e-08	0.5197411368757211
tabula_muris.ESmuQ2.continuous.190730__Fat.natural_killer_cell	-7.76037021334314e-09	1.1825603461445845e-07	0.5261611946935664
tabula_muris.ESmuQ2.continuous.190730__Marrow.precursor_B_cell	-4.718454425655695e-09	4.30469959001247e-08	0.5436413345738427
tabula_muris.ESmuQ2.continuous.190730__Limb_Muscle.mesenchymal_stem_cell	-3.0608904067395602e-09	2.4978464434983787e-08	0.5487647810215851
tabula_muris.ESmuQ2.continuous.190730__Fat.mesenchymal_stem_cell_of_adipose	-5.34036077121371e-09	4.2830748278258774e-08	0.5496136159667417
tabula_muris.ESmuQ2.continuous.190730__Marrow.granulocytopoietic_cell	-6.986815884410652e-09	5.235238138714355e-08	0.5530841976696778
tabula_muris.ESmuQ2.continuous.190730__Trachea.mesenchymal_cell	-3.477470323188639e-09	2.4863400787717712e-08	0.555615890124331
tabula_muris.ESmuQ2.continuous.190730__Brain_Non-Myeloid.endothelial_cell	-1.4141792782355998e-08	5.51711588317705e-08	0.601150370981642
tabula_muris.ESmuQ2.continuous.190730__Skin.leukocyte	-1.9307862079101967e-08	7.172591551468244e-08	0.6061080632959268
tabula_muris.ESmuQ2.continuous.190730__Fat.myeloid_cell	-1.3182192406219788e-08	4.8373643655179795e-08	0.607384180411731
tabula_muris.ESmuQ2.continuous.190730__Limb_Muscle.skeletal_muscle_satellite_cell	-9.54277873503984e-09	3.021151130689259e-08	0.6239477582724394
tabula_muris.ESmuQ2.continuous.190730__Kidney.kidney_collecting_duct_epithelial_cell	-1.4539086938866376e-08	4.1835144618433826e-08	0.6359044771716805
tabula_muris.ESmuQ2.continuous.190730__Heart.fibroblast	-2.384472675103944e-08	6.531423189975982e-08	0.6424730520917079
tabula_muris.ESmuQ2.continuous.190730__Limb_Muscle.endothelial_cell	-1.9847658733503815e-08	4.874923094298929e-08	0.6580466398257446
tabula_muris.ESmuQ2.continuous.190730__Fat.T_cell	-2.6696510461424537e-08	6.130404620961866e-08	0.6683919342384803
tabula_muris.ESmuQ2.continuous.190730__Marrow.immature_T_cell	-3.7345383138087064e-08	6.789672819475132e-08	0.7088513375022634
tabula_muris.ESmuQ2.continuous.190730__Heart.leukocyte	-3.213374968248563e-08	5.127291587376366e-08	0.7345785265582043
tabula_muris.ESmuQ2.continuous.190730__Large_Intestine.enterocyte_of_epithelium_of_large_intestine	-1.9613761712836488e-08	2.992159543429901e-08	0.7439287336039907
tabula_muris.ESmuQ2.continuous.190730__Lung.stromal_cell	-1.851374457834866e-08	2.755096659330781e-08	0.7492023176135659
tabula_muris.ESmuQ2.continuous.190730__Heart.endothelial_cell	-3.746750148090054e-08	5.108541478331842e-08	0.76835145303581
tabula_muris.ESmuQ2.continuous.190730__Lung.epithelial_cell_of_lung	-2.983390563878471e-08	3.667580922809161e-08	0.7920197037149572
tabula_muris.ESmuQ2.continuous.190730__Tongue.keratinocyte	-3.3024631661289856e-08	3.128976996027026e-08	0.8543890773290033
tabula_muris.ESmuQ2.continuous.190730__Thymus.DN1_thymic_pro-T_cell	-6.169601211587962e-08	5.2513259075958376e-08	0.8799757186982149
tabula_muris.ESmuQ2.continuous.190730__Thymus.leukocyte	-7.080078502829945e-08	5.883019961948031e-08	0.8856040833206686
tabula_muris.ESmuQ2.continuous.190730__Marrow.megakaryocyte-erythroid_progenitor_cell	-4.852381276585804e-08	3.9246821249186604e-08	0.8918405120579437
tabula_muris.ESmuQ2.continuous.190730__Tongue.basal_cell_of_epidermis	-3.391932981809636e-08	2.7284893664133776e-08	0.8930944895821138
tabula_muris.ESmuQ2.continuous.190730__Brain_Non-Myeloid.Bergmann_glial_cell	-2.9696925541729735e-08	2.3112961604292992e-08	0.9005794375643654
tabula_muris.ESmuQ2.continuous.190730__Lung.monocyte	-7.133605373292108e-08	5.524323244887627e-08	0.9017016318682471
tabula_muris.ESmuQ2.continuous.190730__Marrow.immature_NK_T_cell	-5.0475812121334175e-08	3.879651319426924e-08	0.9033776032736582
tabula_muris.ESmuQ2.continuous.190730__Lung.T_cell	-5.284306922307765e-08	3.982415312913725e-08	0.9077307811100381
tabula_muris.ESmuQ2.continuous.190730__Spleen.macrophage	-6.942374895309964e-08	5.1848783729532587e-08	0.9097090989948378
tabula_muris.ESmuQ2.continuous.190730__Thymus.immature_T_cell	-4.447444595994623e-08	3.2353365386787344e-08	0.915379493704553
tabula_muris.ESmuQ2.continuous.190730__Trachea.endothelial_cell	-6.770498740396767e-08	4.78823477933054e-08	0.9213170485593749
tabula_muris.ESmuQ2.continuous.190730__Heart.unknown_cell_type	-5.5302932482559726e-08	3.8774459339303986e-08	0.9231051035374587
tabula_muris.ESmuQ2.continuous.190730__Lung.leukocyte	-6.213851507494255e-08	4.148903085347103e-08	0.932895626912174
tabula_muris.ESmuQ2.continuous.190730__Marrow.common_lymphoid_progenitor	-3.230791799865603e-08	2.114179708012435e-08	0.9367628244450414
tabula_muris.ESmuQ2.continuous.190730__Lung.classical_monocyte	-7.679914606290205e-08	4.850721274124467e-08	0.9433179912194132
tabula_muris.ESmuQ2.continuous.190730__Marrow.granulocyte_monocyte_progenitor_cell	-7.47356854500667e-08	4.5780230933002646e-08	0.9487116557782075
tabula_muris.ESmuQ2.continuous.190730__Mammary_Gland.endothelial_cell	-7.653723554498309e-08	4.6579912654793204e-08	0.9498228323866776
tabula_muris.ESmuQ2.continuous.190730__Mammary_Gland.stromal_cell	-5.470547448978207e-08	3.3261474655191335e-08	0.9499851681642688
tabula_muris.ESmuQ2.continuous.190730__Marrow.regulatory_T_cell	-1.0238291657210454e-07	6.205306580323486e-08	0.950520881362753
tabula_muris.ESmuQ2.continuous.190730__Large_Intestine.Brush_cell_of_epithelium_proper_of_large_intestine	-7.517943120079017e-08	4.525865621234561e-08	0.9516539330716014
tabula_muris.ESmuQ2.continuous.190730__Brain_Myeloid.microglial_cell	-6.082601681119622e-08	3.643398351150288e-08	0.9524894253464484
tabula_muris.ESmuQ2.continuous.190730__Bladder.bladder_cell	-5.304523874868056e-08	3.1034659293958126e-08	0.9562954294129904
tabula_muris.ESmuQ2.continuous.190730__Skin.basal_cell_of_epidermis	-5.611877430962735e-08	3.251247660284692e-08	0.9578324898178043
tabula_muris.ESmuQ2.continuous.190730__Marrow.granulocyte	-8.461603097943547e-08	4.7168383108537335e-08	0.963586565552485
tabula_muris.ESmuQ2.continuous.190730__Kidney.macrophage	-1.243706569926385e-07	6.812097758647229e-08	0.9660546889582976
tabula_muris.ESmuQ2.continuous.190730__Marrow.macrophage	-5.633795478173577e-08	3.0571859989795045e-08	0.9673212049762522
tabula_muris.ESmuQ2.continuous.190730__Liver.natural_killer_cell	-9.404903840828997e-08	5.052725324979061e-08	0.9686528060519572
tabula_muris.ESmuQ2.continuous.190730__Marrow.immature_B_cell	-7.790672217062971e-08	4.153959810841804e-08	0.9696367015270113
tabula_muris.ESmuQ2.continuous.190730__Spleen.B_cell	-6.305045569209102e-08	3.359010915619719e-08	0.9697446675865495
tabula_muris.ESmuQ2.continuous.190730__Marrow.Slamf1-positive_multipotent_progenitor_cell	-5.988664895857754e-08	3.094791458350242e-08	0.9735096778639174
tabula_muris.ESmuQ2.continuous.190730__Lung.ciliated_columnar_cell_of_tracheobronchial_tree	-4.563147432670025e-08	2.269289626240458e-08	0.9778281003867938
tabula_muris.ESmuQ2.continuous.190730__Lung.myeloid_cell	-1.068197410959495e-07	5.253576592820324e-08	0.9789877047125285
tabula_muris.ESmuQ2.continuous.190730__Bladder.bladder_urothelial_cell	-6.763915926571074e-08	3.185314056758681e-08	0.9831427183023264
tabula_muris.ESmuQ2.continuous.190730__Marrow.hematopoietic_precursor_cell	-7.57189961152673e-08	3.378331183011646e-08	0.9874971155485807
tabula_muris.ESmuQ2.continuous.190730__Fat.B_cell	-1.0172715729958418e-07	4.459560512866852e-08	0.9887288161414951
tabula_muris.ESmuQ2.continuous.190730__Marrow.B_cell	-7.445386346491388e-08	3.171230010184798e-08	0.9905574511708085
tabula_muris.ESmuQ2.continuous.190730__Lung.natural_killer_cell	-1.0976027979637858e-07	4.6346846787830475e-08	0.9910634390925034
tabula_muris.ESmuQ2.continuous.190730__Heart.erythrocyte	-5.3882621905736104e-08	2.2512963204965624e-08	0.9916535812346898
tabula_muris.ESmuQ2.continuous.190730__Kidney.leukocyte	-1.0816673976182796e-07	4.479083227061099e-08	0.9921308903359003
tabula_muris.ESmuQ2.continuous.190730__Heart.endocardial_cell	-8.374247848894752e-08	3.4591045974588466e-08	0.9922595571800014
tabula_muris.ESmuQ2.continuous.190730__Marrow.Slamf1-negative_multipotent_progenitor_cell	-1.0010241350097615e-07	4.110801742586795e-08	0.9925563029205395
tabula_muris.ESmuQ2.continuous.190730__Limb_Muscle.lymphocyte	-1.0475673089314534e-07	3.987181275441622e-08	0.9956972103147969
tabula_muris.ESmuQ2.continuous.190730__Limb_Muscle.B_cell	-1.0832464720624481e-07	4.115327514276822e-08	0.9957586069233724
tabula_muris.ESmuQ2.continuous.190730__Marrow.naive_B_cell	-9.382577460836554e-08	3.53322054282817e-08	0.9960408198296842
tabula_muris.ESmuQ2.continuous.190730__Kidney.endothelial_cell	-8.075138194599158e-08	2.989632396641062e-08	0.9965439235174357
tabula_muris.ESmuQ2.continuous.190730__Marrow.immature_natural_killer_cell	-1.283341936329452e-07	4.3376513956782654e-08	0.9984548510197109
tabula_muris.ESmuQ2.continuous.190730__Marrow.monocyte	-1.2291191658999868e-07	4.0714458271806444e-08	0.9987314298487038
tabula_muris.ESmuQ2.continuous.190730__Marrow.basophil	-1.117278367956222e-07	3.357222476290596e-08	0.9995626160131484
tabula_muris.ESmuQ2.continuous.190730__Heart.professional_antigen_presenting_cell	-1.0152299534549649e-07	2.5221116811942525e-08	0.9999715507171486
