Name	Coefficient	Coefficient_std_error	Coefficient_P_value
tabula_muris.ESmuQ2.continuous.190730__Pancreas.pancreatic_A_cell	9.371941011372187e-09	4.658900981729274e-09	0.022129975096016448
tabula_muris.ESmuQ2.continuous.190730__Brain_Non-Myeloid.neuron	6.021201523034271e-09	3.3713378717360195e-09	0.037049819155376446
tabula_muris.ESmuQ2.continuous.190730__Brain_Non-Myeloid.astrocyte	7.876927523795285e-09	4.4180930288256695e-09	0.0373029597864986
tabula_muris.ESmuQ2.continuous.190730__Pancreas.pancreatic_PP_cell	1.0966040653737734e-08	6.694844945526632e-09	0.05071264427916863
tabula_muris.ESmuQ2.continuous.190730__Fat.mesenchymal_stem_cell_of_adipose	1.012389734373556e-08	6.463546184235828e-09	0.05863838675516398
tabula_muris.ESmuQ2.continuous.190730__Mammary_Gland.basal_cell	7.539882664587932e-09	5.632492212114085e-09	0.09034385372075843
tabula_muris.ESmuQ2.continuous.190730__Trachea.blood_cell	9.276843527037357e-09	7.46605691851882e-09	0.10701945728666079
tabula_muris.ESmuQ2.continuous.190730__Marrow.macrophage	8.792582136158833e-09	7.557590408122256e-09	0.12233143935358687
tabula_muris.ESmuQ2.continuous.190730__Lung.myeloid_cell	1.4273714169985026e-08	1.2943628468448492e-08	0.13506572768176822
tabula_muris.ESmuQ2.continuous.190730__Limb_Muscle.skeletal_muscle_satellite_stem_cell	1.0243734417157804e-08	9.780851026967978e-09	0.14747474599505944
tabula_muris.ESmuQ2.continuous.190730__Marrow.precursor_B_cell	6.983753773495752e-09	7.516353455414256e-09	0.17640795404396398
tabula_muris.ESmuQ2.continuous.190730__Brain_Non-Myeloid.Bergmann_glial_cell	4.4811978308365495e-09	5.21148409417301e-09	0.19493040637241493
tabula_muris.ESmuQ2.continuous.190730__Heart.professional_antigen_presenting_cell	5.89367944260532e-09	7.093542331853991e-09	0.20302879616423608
tabula_muris.ESmuQ2.continuous.190730__Trachea.epithelial_cell	5.6990021211109745e-09	6.988037827177266e-09	0.20738254979882165
tabula_muris.ESmuQ2.continuous.190730__Mammary_Gland.stromal_cell	4.439656016872322e-09	5.942800927567807e-09	0.22751229286782654
tabula_muris.ESmuQ2.continuous.190730__Heart.fibroblast	4.178255154588054e-09	5.741444909161419e-09	0.2333876574761734
tabula_muris.ESmuQ2.continuous.190730__Skin.keratinocyte_stem_cell	3.1579600380551953e-09	5.030502833316128e-09	0.2650798325933864
tabula_muris.ESmuQ2.continuous.190730__Thymus.DN1_thymic_pro-T_cell	4.68250045196175e-09	7.678458108343033e-09	0.2709895279358625
tabula_muris.ESmuQ2.continuous.190730__Limb_Muscle.skeletal_muscle_satellite_cell	4.685186323938715e-09	7.956590938865235e-09	0.2779831534767392
tabula_muris.ESmuQ2.continuous.190730__Lung.monocyte	6.1148137298749875e-09	1.2189086939652809e-08	0.30795230323260103
tabula_muris.ESmuQ2.continuous.190730__Heart.unknown_cell_type	3.2077294110975617e-09	6.39820294677758e-09	0.30806294093681635
tabula_muris.ESmuQ2.continuous.190730__Skin.epidermal_cell	2.8029739466376807e-09	5.901245762775587e-09	0.31740060017684385
tabula_muris.ESmuQ2.continuous.190730__Lung.epithelial_cell_of_lung	3.762676671150997e-09	8.332570318921149e-09	0.32579207842357044
tabula_muris.ESmuQ2.continuous.190730__Marrow.naive_B_cell	4.159539970532221e-09	1.0021501374678093e-08	0.3390484201532412
tabula_muris.ESmuQ2.continuous.190730__Limb_Muscle.T_cell	5.789996517714696e-09	1.5254683721321798e-08	0.35213776241756023
tabula_muris.ESmuQ2.continuous.190730__Tongue.basal_cell_of_epidermis	1.8428486590053365e-09	5.264232338808462e-09	0.36314316470952734
tabula_muris.ESmuQ2.continuous.190730__Trachea.mesenchymal_cell	1.919197239312714e-09	5.840433695847592e-09	0.3712270354873126
tabula_muris.ESmuQ2.continuous.190730__Fat.T_cell	3.275648093962234e-09	1.0205577878894619e-08	0.37411790821768287
tabula_muris.ESmuQ2.continuous.190730__Tongue.keratinocyte	1.1982257671067243e-09	5.42053162367352e-09	0.41252551165015056
tabula_muris.ESmuQ2.continuous.190730__Pancreas.leukocyte	2.272184485935219e-09	1.1642294631806773e-08	0.42263134931562973
tabula_muris.ESmuQ2.continuous.190730__Large_Intestine.large_intestine_goblet_cell	9.057764587127688e-10	4.798347457571092e-09	0.4251371627758175
tabula_muris.ESmuQ2.continuous.190730__Skin.stem_cell_of_epidermis	7.417621615517239e-10	4.162127379782473e-09	0.4292762507876012
tabula_muris.ESmuQ2.continuous.190730__Marrow.mature_natural_killer_cell	7.246995646728003e-10	6.3983652684088485e-09	0.454910930955076
tabula_muris.ESmuQ2.continuous.190730__Pancreas.endothelial_cell	9.731597866864992e-10	9.572721823843863e-09	0.45951340558954545
tabula_muris.ESmuQ2.continuous.190730__Marrow.granulocyte	5.743157469062654e-10	6.342873356146058e-09	0.4639270505096628
tabula_muris.ESmuQ2.continuous.190730__Marrow.late_pro-B_cell	2.9513410312580056e-10	6.690635080874659e-09	0.4824077538580142
tabula_muris.ESmuQ2.continuous.190730__Pancreas.type_B_pancreatic_cell	1.6393591107173592e-10	5.53356504503553e-09	0.48818277185984305
tabula_muris.ESmuQ2.continuous.190730__Marrow.Slamf1-negative_multipotent_progenitor_cell	4.7332195445959874e-11	6.2721739555512975e-09	0.49698945933253036
tabula_muris.ESmuQ2.continuous.190730__Marrow.hematopoietic_precursor_cell	3.050743638492527e-11	7.503464363903668e-09	0.4983779928684959
tabula_muris.ESmuQ2.continuous.190730__Lung.lung_endothelial_cell	-1.459701517714056e-10	8.54049941621482e-09	0.5068181996508242
tabula_muris.ESmuQ2.continuous.190730__Heart.cardiac_muscle_cell	-9.51028793291507e-11	4.3922626797628236e-09	0.5086373693803395
tabula_muris.ESmuQ2.continuous.190730__Fat.unknown_cell_type	-1.838763516308235e-10	7.135783273299728e-09	0.510278890340994
tabula_muris.ESmuQ2.continuous.190730__Brain_Non-Myeloid.oligodendrocyte	-1.521363698040646e-10	4.567658270384385e-09	0.5132852342631693
tabula_muris.ESmuQ2.continuous.190730__Spleen.macrophage	-6.728812525724361e-10	7.971064652934437e-09	0.5336369502108905
tabula_muris.ESmuQ2.continuous.190730__Limb_Muscle.macrophage	-7.515532372420606e-10	7.562825798653362e-09	0.5395795989558753
tabula_muris.ESmuQ2.continuous.190730__Heart.leukocyte	-6.712293927872022e-10	6.656353247578863e-09	0.5401614262413976
tabula_muris.ESmuQ2.continuous.190730__Liver.endothelial_cell_of_hepatic_sinusoid	-8.389938624347052e-10	8.163927675004805e-09	0.5409266109771736
tabula_muris.ESmuQ2.continuous.190730__Kidney.macrophage	-1.2132238084300667e-09	1.1162733285071279e-08	0.5432739062602052
tabula_muris.ESmuQ2.continuous.190730__Skin.basal_cell_of_epidermis	-5.633809911029747e-10	4.942865878456776e-09	0.5453726258725748
tabula_muris.ESmuQ2.continuous.190730__Liver.Kupffer_cell	-1.3815455005563388e-09	8.264274358012408e-09	0.5663821772341134
tabula_muris.ESmuQ2.continuous.190730__Fat.myeloid_cell	-1.0631870644885097e-09	5.7097297029173066e-09	0.5738584685055571
tabula_muris.ESmuQ2.continuous.190730__Marrow.monocyte	-1.7516142649671607e-09	7.587615885935757e-09	0.591285004712149
tabula_muris.ESmuQ2.continuous.190730__Thymus.immature_T_cell	-1.459360602130247e-09	5.7637576353295614e-09	0.599941636322708
tabula_muris.ESmuQ2.continuous.190730__Lung.ciliated_columnar_cell_of_tracheobronchial_tree	-1.4166109629236414e-09	4.795228516946126e-09	0.6161638342674182
tabula_muris.ESmuQ2.continuous.190730__Marrow.immature_B_cell	-2.107242868352553e-09	6.715080625935412e-09	0.6231663877079555
tabula_muris.ESmuQ2.continuous.190730__Brain_Non-Myeloid.oligodendrocyte_precursor_cell	-1.5246350519732535e-09	4.237739476273684e-09	0.6404925056932155
tabula_muris.ESmuQ2.continuous.190730__Fat.natural_killer_cell	-3.585429119294366e-09	8.096794551728605e-09	0.6710523249047622
tabula_muris.ESmuQ2.continuous.190730__Limb_Muscle.mesenchymal_stem_cell	-2.5938569095376504e-09	5.438871957104248e-09	0.6832871881779139
tabula_muris.ESmuQ2.continuous.190730__Fat.B_cell	-5.067227607150215e-09	9.07820974572947e-09	0.7116374751364267
tabula_muris.ESmuQ2.continuous.190730__Pancreas.pancreatic_ductal_cell	-3.430876295419443e-09	5.8679407944965186e-09	0.7206190446929197
tabula_muris.ESmuQ2.continuous.190730__Large_Intestine.enteroendocrine_cell	-4.210398111740673e-09	7.188960856364742e-09	0.7209531932020039
tabula_muris.ESmuQ2.continuous.190730__Kidney.leukocyte	-6.571771492398069e-09	1.090544528487901e-08	0.7266171710003336
tabula_muris.ESmuQ2.continuous.190730__Marrow.immature_T_cell	-6.104042685735455e-09	9.878010725710717e-09	0.7316933802602089
tabula_muris.ESmuQ2.continuous.190730__Mammary_Gland.endothelial_cell	-4.869773706918669e-09	7.872957541533761e-09	0.7318917264044036
tabula_muris.ESmuQ2.continuous.190730__Large_Intestine.enterocyte_of_epithelium_of_large_intestine	-2.9675278325875426e-09	4.586888615074846e-09	0.7411706871344658
tabula_muris.ESmuQ2.continuous.190730__Marrow.basophil	-7.761862626242794e-09	1.161959406643153e-08	0.7479324838210841
tabula_muris.ESmuQ2.continuous.190730__Marrow.B_cell	-4.577167424400808e-09	6.826220060619435e-09	0.7487391694807166
tabula_muris.ESmuQ2.continuous.190730__Lung.classical_monocyte	-6.3918995757103125e-09	9.188774454417244e-09	0.7566667273661207
tabula_muris.ESmuQ2.continuous.190730__Heart.erythrocyte	-2.572972815972501e-09	3.6400464110069158e-09	0.7601706637396595
tabula_muris.ESmuQ2.continuous.190730__Limb_Muscle.B_cell	-5.150022476758582e-09	7.025999100288776e-09	0.7682192720686358
tabula_muris.ESmuQ2.continuous.190730__Mammary_Gland.luminal_epithelial_cell_of_mammary_gland	-4.591764031871536e-09	6.123950032493197e-09	0.7733137089581155
tabula_muris.ESmuQ2.continuous.190730__Trachea.endothelial_cell	-5.944172490724114e-09	7.840178874563958e-09	0.7758247828730838
tabula_muris.ESmuQ2.continuous.190730__Lung.stromal_cell	-4.088911510743719e-09	5.33136825931878e-09	0.7784454165195609
tabula_muris.ESmuQ2.continuous.190730__Pancreas.pancreatic_D_cell	-3.89262471716436e-09	4.613192013663936e-09	0.8006102176600876
tabula_muris.ESmuQ2.continuous.190730__Large_Intestine.Brush_cell_of_epithelium_proper_of_large_intestine	-6.8513705603824165e-09	8.061974525966392e-09	0.8022923599850063
tabula_muris.ESmuQ2.continuous.190730__Marrow.immature_natural_killer_cell	-8.345495186217929e-09	9.192233342857522e-09	0.8180306352530649
tabula_muris.ESmuQ2.continuous.190730__Brain_Non-Myeloid.endothelial_cell	-8.550690792035725e-09	9.06449791803713e-09	0.8272404903125268
tabula_muris.ESmuQ2.continuous.190730__Marrow.granulocyte_monocyte_progenitor_cell	-7.168127947120048e-09	7.326838142318249e-09	0.836046536540983
tabula_muris.ESmuQ2.continuous.190730__Marrow.granulocytopoietic_cell	-8.245903440389736e-09	8.35454281312708e-09	0.8381777912452544
tabula_muris.ESmuQ2.continuous.190730__Limb_Muscle.lymphocyte	-9.420704123677731e-09	9.5096642157923e-09	0.8390705942760384
tabula_muris.ESmuQ2.continuous.190730__Lung.T_cell	-1.079482384937739e-08	1.0575121089045043e-08	0.8463195777612835
tabula_muris.ESmuQ2.continuous.190730__Kidney.epithelial_cell_of_proximal_tubule	-5.682138737194198e-09	5.170114366409634e-09	0.8641236884673223
tabula_muris.ESmuQ2.continuous.190730__Brain_Myeloid.macrophage	-8.145976156183301e-09	7.339004807531578e-09	0.8664911160542899
tabula_muris.ESmuQ2.continuous.190730__Kidney.kidney_collecting_duct_epithelial_cell	-8.545051170325884e-09	7.644098657244145e-09	0.8681871365985669
tabula_muris.ESmuQ2.continuous.190730__Heart.smooth_muscle_cell	-6.3805317163897184e-09	5.427964055142525e-09	0.8801011570259789
tabula_muris.ESmuQ2.continuous.190730__Large_Intestine.epithelial_cell_of_large_intestine	-5.661741631848369e-09	4.623941089185459e-09	0.8896069868688579
tabula_muris.ESmuQ2.continuous.190730__Marrow.immature_NK_T_cell	-6.964167585491353e-09	5.56402000007123e-09	0.8946500402002957
tabula_muris.ESmuQ2.continuous.190730__Marrow.pre-natural_killer_cell	-9.741659577574683e-09	7.762437310790977e-09	0.8952559609449593
tabula_muris.ESmuQ2.continuous.190730__Marrow.regulatory_T_cell	-1.7836106029364034e-08	1.4046929965600241e-08	0.897913363776655
tabula_muris.ESmuQ2.continuous.190730__Heart.myofibroblast_cell	-8.326647644756742e-09	6.55046356764204e-09	0.8981630574538711
tabula_muris.ESmuQ2.continuous.190730__Lung.leukocyte	-9.486823010258628e-09	7.359525274049876e-09	0.9013102843742307
tabula_muris.ESmuQ2.continuous.190730__Brain_Non-Myeloid.brain_pericyte	-8.796259080211376e-09	6.428243434241746e-09	0.9144029163900773
tabula_muris.ESmuQ2.continuous.190730__Skin.leukocyte	-1.2382344866015899e-08	8.923623497867553e-09	0.917369277211932
tabula_muris.ESmuQ2.continuous.190730__Bladder.bladder_urothelial_cell	-7.601923045548715e-09	5.3562643919654955e-09	0.9220881472218337
tabula_muris.ESmuQ2.continuous.190730__Pancreas.pancreatic_acinar_cell	-8.893922103673205e-09	6.16232551593369e-09	0.925528301710426
tabula_muris.ESmuQ2.continuous.190730__Marrow.Slamf1-positive_multipotent_progenitor_cell	-8.613933827326463e-09	5.762110294058259e-09	0.932533242867035
tabula_muris.ESmuQ2.continuous.190730__Marrow.common_lymphoid_progenitor	-5.67365404786863e-09	3.7141778823625322e-09	0.9366899090729973
tabula_muris.ESmuQ2.continuous.190730__Liver.hepatocyte	-6.454744906487548e-09	4.17191988682362e-09	0.9390910556681924
tabula_muris.ESmuQ2.continuous.190730__Lung.unknown_cell_type	-1.3444913436200565e-08	8.573707805496153e-09	0.9415776635036651
tabula_muris.ESmuQ2.continuous.190730__Spleen.B_cell	-1.066256774189152e-08	6.663111036625889e-09	0.9452271733699313
tabula_muris.ESmuQ2.continuous.190730__Thymus.leukocyte	-1.4410615812818675e-08	8.281933881043636e-09	0.959071030178718
tabula_muris.ESmuQ2.continuous.190730__Liver.natural_killer_cell	-1.7574616094055227e-08	9.755966378452646e-09	0.9641818337072044
tabula_muris.ESmuQ2.continuous.190730__Heart.endothelial_cell	-1.1548911404685003e-08	6.301606526249698e-09	0.9665758951459589
tabula_muris.ESmuQ2.continuous.190730__Limb_Muscle.endothelial_cell	-1.1298499892846317e-08	5.609378086142936e-09	0.9780065772176181
tabula_muris.ESmuQ2.continuous.190730__Lung.B_cell	-1.3986340718407033e-08	6.751319602675334e-09	0.9808507422404109
tabula_muris.ESmuQ2.continuous.190730__Brain_Myeloid.microglial_cell	-1.3464247131467891e-08	6.395133010687614e-09	0.9823712999086048
tabula_muris.ESmuQ2.continuous.190730__Heart.endocardial_cell	-1.7218646727608002e-08	7.961214691846759e-09	0.9847223531129896
tabula_muris.ESmuQ2.continuous.190730__Liver.B_cell	-1.6532082982627002e-08	7.38945087175379e-09	0.9873651478063978
tabula_muris.ESmuQ2.continuous.190730__Lung.natural_killer_cell	-1.782885918071671e-08	7.855763774483013e-09	0.9883818173278245
tabula_muris.ESmuQ2.continuous.190730__Fat.endothelial_cell	-1.8586043938419397e-08	7.182754072551403e-09	0.9951675444724744
tabula_muris.ESmuQ2.continuous.190730__Bladder.bladder_cell	-1.5268885811513685e-08	5.719037970817287e-09	0.9962055697424003
tabula_muris.ESmuQ2.continuous.190730__Spleen.T_cell	-1.382061060231331e-08	4.997034572888716e-09	0.9971605056899704
tabula_muris.ESmuQ2.continuous.190730__Kidney.endothelial_cell	-1.871585067984704e-08	6.038089928300268e-09	0.9990311906177248
tabula_muris.ESmuQ2.continuous.190730__Marrow.megakaryocyte-erythroid_progenitor_cell	-2.266382308045915e-08	7.117869624350522e-09	0.9992739103977423
tabula_muris.ESmuQ2.continuous.190730__Pancreas.pancreatic_stellate_cell	-2.340638222532299e-08	7.300026546471688e-09	0.9993278296204046
