Name	Coefficient	Coefficient_std_error	Coefficient_P_value
tabula_muris.ESmuQ2.continuous.190730__Limb_Muscle.T_cell	6.175734015891511e-07	1.9849994748336965e-07	0.0009316376702191256
tabula_muris.ESmuQ2.continuous.190730__Lung.T_cell	5.322457100262962e-07	1.801149600181116e-07	0.001563176372169203
tabula_muris.ESmuQ2.continuous.190730__Fat.B_cell	5.43218120282074e-07	1.905000314107112e-07	0.0021754127781910323
tabula_muris.ESmuQ2.continuous.190730__Marrow.immature_B_cell	4.817146970491836e-07	1.6964755356044632e-07	0.0022591951910360506
tabula_muris.ESmuQ2.continuous.190730__Limb_Muscle.lymphocyte	8.274311023481298e-07	3.0739611265111914e-07	0.003553992827581505
tabula_muris.ESmuQ2.continuous.190730__Thymus.DN1_thymic_pro-T_cell	7.733944367178926e-07	3.4813058779154424e-07	0.01315638712340684
tabula_muris.ESmuQ2.continuous.190730__Kidney.leukocyte	5.582180644087864e-07	2.577570958120117e-07	0.015168020417044327
tabula_muris.ESmuQ2.continuous.190730__Lung.B_cell	6.231345054438969e-07	2.917724985631729e-07	0.016352499050413496
tabula_muris.ESmuQ2.continuous.190730__Fat.unknown_cell_type	3.467485569007242e-07	1.6881585351279225e-07	0.01998761830762799
tabula_muris.ESmuQ2.continuous.190730__Spleen.B_cell	3.655932685519803e-07	1.7871509800867384e-07	0.02039410676230374
tabula_muris.ESmuQ2.continuous.190730__Marrow.precursor_B_cell	3.2168375577648513e-07	1.5780243294916212e-07	0.020748870670808096
tabula_muris.ESmuQ2.continuous.190730__Marrow.late_pro-B_cell	3.356968192605212e-07	1.6664613900651045e-07	0.02198225480531715
tabula_muris.ESmuQ2.continuous.190730__Spleen.T_cell	2.213512134983307e-07	1.1333648529865436e-07	0.025407153784953472
tabula_muris.ESmuQ2.continuous.190730__Limb_Muscle.B_cell	5.271788931132014e-07	2.9346989760628987e-07	0.03621828641252305
tabula_muris.ESmuQ2.continuous.190730__Marrow.B_cell	2.98876954958328e-07	1.856083757357597e-07	0.05367101716292262
tabula_muris.ESmuQ2.continuous.190730__Tongue.basal_cell_of_epidermis	1.4092038149998118e-07	8.930226950753039e-08	0.05728100386455741
tabula_muris.ESmuQ2.continuous.190730__Marrow.Slamf1-negative_multipotent_progenitor_cell	2.1178285965564797e-07	1.351515338889906e-07	0.05855699467842107
tabula_muris.ESmuQ2.continuous.190730__Marrow.immature_NK_T_cell	3.811771686447876e-07	2.537700389780331e-07	0.06654114082587477
tabula_muris.ESmuQ2.continuous.190730__Marrow.granulocyte_monocyte_progenitor_cell	2.49496478004932e-07	1.685948675004637e-07	0.06945556159937885
tabula_muris.ESmuQ2.continuous.190730__Kidney.macrophage	4.99033302223765e-07	3.4437076645162153e-07	0.07365254877321462
tabula_muris.ESmuQ2.continuous.190730__Marrow.macrophage	2.24501903220208e-07	1.5712807697298345e-07	0.07653332669859794
tabula_muris.ESmuQ2.continuous.190730__Marrow.hematopoietic_precursor_cell	1.6779895784560724e-07	1.2061505072209587e-07	0.08208327422987943
tabula_muris.ESmuQ2.continuous.190730__Marrow.immature_T_cell	4.253091912917696e-07	3.1144799331220493e-07	0.08603438494921156
tabula_muris.ESmuQ2.continuous.190730__Brain_Myeloid.macrophage	2.359320474352938e-07	1.7359494532635084e-07	0.08705822050765794
tabula_muris.ESmuQ2.continuous.190730__Brain_Myeloid.microglial_cell	2.1141461999364536e-07	1.6043879776805814e-07	0.09379743836572713
tabula_muris.ESmuQ2.continuous.190730__Thymus.immature_T_cell	2.1379413955467052e-07	1.6667224774756737e-07	0.09979476514773095
tabula_muris.ESmuQ2.continuous.190730__Heart.leukocyte	1.9482073571895033e-07	1.561492384670227e-07	0.10607829422425025
tabula_muris.ESmuQ2.continuous.190730__Lung.ciliated_columnar_cell_of_tracheobronchial_tree	1.3646284725385694e-07	1.1174034771298865e-07	0.11099577786219805
tabula_muris.ESmuQ2.continuous.190730__Marrow.basophil	2.4493896726153316e-07	2.1060991053224646e-07	0.12241509670581208
tabula_muris.ESmuQ2.continuous.190730__Bladder.bladder_urothelial_cell	1.2778846438662882e-07	1.1347819321660336e-07	0.1300603457337049
tabula_muris.ESmuQ2.continuous.190730__Pancreas.leukocyte	2.879159084764073e-07	2.617345079283935e-07	0.13565944415536846
tabula_muris.ESmuQ2.continuous.190730__Marrow.regulatory_T_cell	3.3816100112295793e-07	3.08004629530219e-07	0.13612215185419607
tabula_muris.ESmuQ2.continuous.190730__Heart.erythrocyte	7.180132783708808e-08	6.928203363084776e-08	0.1500164407395862
tabula_muris.ESmuQ2.continuous.190730__Marrow.mature_natural_killer_cell	2.1097541418958105e-07	2.0431682078902622e-07	0.15089801012001447
tabula_muris.ESmuQ2.continuous.190730__Lung.natural_killer_cell	2.824923096583584e-07	2.7930230191616344e-07	0.1559074048342794
tabula_muris.ESmuQ2.continuous.190730__Lung.myeloid_cell	4.2967931283178917e-07	4.3912754742854545e-07	0.16391748147621082
tabula_muris.ESmuQ2.continuous.190730__Fat.T_cell	1.4393141345673076e-07	1.5276030057393142e-07	0.1730440240975949
tabula_muris.ESmuQ2.continuous.190730__Liver.natural_killer_cell	1.851288528015725e-07	2.1237245997565457e-07	0.19168117463027584
tabula_muris.ESmuQ2.continuous.190730__Large_Intestine.large_intestine_goblet_cell	7.419837183167004e-08	8.745012201869751e-08	0.19808951534847635
tabula_muris.ESmuQ2.continuous.190730__Fat.natural_killer_cell	1.9602174773200809e-07	2.4069632660190033e-07	0.20770951422893247
tabula_muris.ESmuQ2.continuous.190730__Skin.basal_cell_of_epidermis	8.769979581384133e-08	1.1091380477770801e-07	0.21455887923928707
tabula_muris.ESmuQ2.continuous.190730__Skin.keratinocyte_stem_cell	8.723938849693354e-08	1.1066027547038529e-07	0.21524505227996937
tabula_muris.ESmuQ2.continuous.190730__Thymus.leukocyte	1.314949049497418e-07	1.7462967344770983e-07	0.22572708904785982
tabula_muris.ESmuQ2.continuous.190730__Tongue.keratinocyte	6.784775084325047e-08	1.0439974980543394e-07	0.25788350325253306
tabula_muris.ESmuQ2.continuous.190730__Trachea.blood_cell	9.258641745716976e-08	1.437828313747366e-07	0.2598096493718274
tabula_muris.ESmuQ2.continuous.190730__Mammary_Gland.basal_cell	6.884219820582582e-08	1.2111680793476947e-07	0.28488336391198665
tabula_muris.ESmuQ2.continuous.190730__Large_Intestine.enteroendocrine_cell	1.3988157695755019e-07	2.8928743009737693e-07	0.314356755631494
tabula_muris.ESmuQ2.continuous.190730__Marrow.immature_natural_killer_cell	1.1433777868764844e-07	2.418034999807714e-07	0.3181586334557596
tabula_muris.ESmuQ2.continuous.190730__Heart.professional_antigen_presenting_cell	6.135812549531735e-08	1.3581152118687872e-07	0.3257105660148213
tabula_muris.ESmuQ2.continuous.190730__Marrow.common_lymphoid_progenitor	3.2117448063343195e-08	7.343631818154585e-08	0.3309284028197743
tabula_muris.ESmuQ2.continuous.190730__Spleen.macrophage	9.200763608714214e-08	2.2015478256436297e-07	0.33800189236958134
tabula_muris.ESmuQ2.continuous.190730__Limb_Muscle.skeletal_muscle_satellite_cell	4.59910402324967e-08	1.1095170203066241e-07	0.3392488369356683
tabula_muris.ESmuQ2.continuous.190730__Limb_Muscle.skeletal_muscle_satellite_stem_cell	3.985465452328162e-08	9.786474642550559e-08	0.34191505545556145
tabula_muris.ESmuQ2.continuous.190730__Marrow.naive_B_cell	6.493598297874073e-08	1.7449908773396268e-07	0.35489880388248235
tabula_muris.ESmuQ2.continuous.190730__Liver.B_cell	7.107755472090244e-08	2.0442534682807208e-07	0.3640348395906765
tabula_muris.ESmuQ2.continuous.190730__Marrow.megakaryocyte-erythroid_progenitor_cell	7.771394299356174e-08	2.546739442355753e-07	0.380125673293937
tabula_muris.ESmuQ2.continuous.190730__Marrow.pre-natural_killer_cell	4.788630552589253e-08	1.877562167968942e-07	0.3993441279731752
tabula_muris.ESmuQ2.continuous.190730__Large_Intestine.Brush_cell_of_epithelium_proper_of_large_intestine	4.068190536191859e-08	1.6051845598246906e-07	0.3999638507740393
tabula_muris.ESmuQ2.continuous.190730__Mammary_Gland.stromal_cell	2.6871428384487413e-08	1.087724001879465e-07	0.4024375856791434
tabula_muris.ESmuQ2.continuous.190730__Lung.classical_monocyte	4.524496336749967e-08	2.025477881638671e-07	0.41162019474447903
tabula_muris.ESmuQ2.continuous.190730__Pancreas.pancreatic_ductal_cell	2.4210159715839668e-08	1.1317898136116247e-07	0.415308469984358
tabula_muris.ESmuQ2.continuous.190730__Large_Intestine.enterocyte_of_epithelium_of_large_intestine	1.4532088941736532e-08	9.43709836483619e-08	0.43880922306032144
tabula_muris.ESmuQ2.continuous.190730__Heart.fibroblast	1.6313621885923626e-08	1.0751819198024313e-07	0.4397003631571603
tabula_muris.ESmuQ2.continuous.190730__Liver.Kupffer_cell	2.051199160934342e-08	1.5769519676459267e-07	0.44825407415677887
tabula_muris.ESmuQ2.continuous.190730__Kidney.epithelial_cell_of_proximal_tubule	5.2089225898771786e-09	9.915381898009086e-08	0.47905169930102454
tabula_muris.ESmuQ2.continuous.190730__Lung.monocyte	3.581316415952527e-09	2.2521530197354103e-07	0.49365638873350487
tabula_muris.ESmuQ2.continuous.190730__Trachea.epithelial_cell	-1.0184904299055327e-08	1.0801951945713309e-07	0.537559661338407
tabula_muris.ESmuQ2.continuous.190730__Marrow.monocyte	-2.0010215016719558e-08	1.622670706739716e-07	0.5490717812986248
tabula_muris.ESmuQ2.continuous.190730__Heart.cardiac_muscle_cell	-2.180538665494814e-08	9.85188196309834e-08	0.5875831084487062
tabula_muris.ESmuQ2.continuous.190730__Fat.myeloid_cell	-3.0739828202192694e-08	1.3366278759648605e-07	0.5909465198634358
tabula_muris.ESmuQ2.continuous.190730__Kidney.kidney_collecting_duct_epithelial_cell	-2.984350399433814e-08	1.0826636654172657e-07	0.6085911233168333
tabula_muris.ESmuQ2.continuous.190730__Marrow.granulocyte	-3.77765845426953e-08	1.245717478676701e-07	0.6191509441847394
tabula_muris.ESmuQ2.continuous.190730__Skin.leukocyte	-4.910039247161042e-08	1.5256803963951882e-07	0.626207817755793
tabula_muris.ESmuQ2.continuous.190730__Marrow.Slamf1-positive_multipotent_progenitor_cell	-4.060984309519058e-08	1.2492401481708264e-07	0.627438357151929
tabula_muris.ESmuQ2.continuous.190730__Lung.stromal_cell	-4.606120965957562e-08	1.4145868085201903e-07	0.6276425469820002
tabula_muris.ESmuQ2.continuous.190730__Marrow.granulocytopoietic_cell	-5.767082605315088e-08	1.5286006730413841e-07	0.6470166981456209
tabula_muris.ESmuQ2.continuous.190730__Limb_Muscle.mesenchymal_stem_cell	-3.4357050440004966e-08	8.899119186553359e-08	0.6502785059484193
tabula_muris.ESmuQ2.continuous.190730__Large_Intestine.epithelial_cell_of_large_intestine	-4.171568812981936e-08	1.0272720380864111e-07	0.6576588951514634
tabula_muris.ESmuQ2.continuous.190730__Pancreas.pancreatic_D_cell	-3.685194806888067e-08	7.294882455876744e-08	0.6932821594605834
tabula_muris.ESmuQ2.continuous.190730__Pancreas.type_B_pancreatic_cell	-4.203125488890924e-08	8.31588790633497e-08	0.6933726827268694
tabula_muris.ESmuQ2.continuous.190730__Pancreas.pancreatic_acinar_cell	-5.034477050607598e-08	9.35448066903639e-08	0.704776656231042
tabula_muris.ESmuQ2.continuous.190730__Skin.stem_cell_of_epidermis	-6.797796825873939e-08	1.0636845900887651e-07	0.7386145962115667
tabula_muris.ESmuQ2.continuous.190730__Lung.lung_endothelial_cell	-7.621269266946308e-08	1.1870871482238745e-07	0.7395680515122848
tabula_muris.ESmuQ2.continuous.190730__Skin.epidermal_cell	-8.760754280752027e-08	1.290477118882451e-07	0.7513921473959364
tabula_muris.ESmuQ2.continuous.190730__Pancreas.endothelial_cell	-9.721084894533783e-08	1.407077955199014e-07	0.7551765009081561
tabula_muris.ESmuQ2.continuous.190730__Lung.epithelial_cell_of_lung	-9.885471341569275e-08	1.416043666164982e-07	0.7574442278009184
tabula_muris.ESmuQ2.continuous.190730__Lung.unknown_cell_type	-8.973533645560104e-08	1.1459375706099854e-07	0.7832080293350604
tabula_muris.ESmuQ2.continuous.190730__Heart.endocardial_cell	-8.589762309036731e-08	1.0732887887209833e-07	0.7882377623980115
tabula_muris.ESmuQ2.continuous.190730__Liver.endothelial_cell_of_hepatic_sinusoid	-1.4896193330579465e-07	1.776209872152788e-07	0.7991672740070555
tabula_muris.ESmuQ2.continuous.190730__Heart.myofibroblast_cell	-7.321480689209271e-08	8.327502903331704e-08	0.8103516292560577
tabula_muris.ESmuQ2.continuous.190730__Mammary_Gland.endothelial_cell	-1.255748312790926e-07	1.4240143031357652e-07	0.8110674843467903
tabula_muris.ESmuQ2.continuous.190730__Limb_Muscle.macrophage	-1.3054228136171183e-07	1.4768457082390245e-07	0.8116320098963294
tabula_muris.ESmuQ2.continuous.190730__Kidney.endothelial_cell	-1.307888763030267e-07	1.2933687545184328e-07	0.8440459831961676
tabula_muris.ESmuQ2.continuous.190730__Liver.hepatocyte	-8.069193430094609e-08	7.796370919983564e-08	0.8496640327322705
tabula_muris.ESmuQ2.continuous.190730__Mammary_Gland.luminal_epithelial_cell_of_mammary_gland	-1.2555130290606738e-07	1.1124482661172703e-07	0.8704674374523612
tabula_muris.ESmuQ2.continuous.190730__Pancreas.pancreatic_PP_cell	-1.2181293227837137e-07	1.0484634951431093e-07	0.8773463771675134
tabula_muris.ESmuQ2.continuous.190730__Bladder.bladder_cell	-9.754022030328617e-08	8.147300961032739e-08	0.8843874484599272
tabula_muris.ESmuQ2.continuous.190730__Brain_Non-Myeloid.endothelial_cell	-1.5235515510258215e-07	1.2429692131953886e-07	0.8898508960253882
tabula_muris.ESmuQ2.continuous.190730__Fat.mesenchymal_stem_cell_of_adipose	-1.0602200734683816e-07	8.460561435093272e-08	0.8949211739379559
tabula_muris.ESmuQ2.continuous.190730__Heart.smooth_muscle_cell	-1.0496276298054666e-07	7.914603767888228e-08	0.9076117804395645
tabula_muris.ESmuQ2.continuous.190730__Fat.endothelial_cell	-1.604806813574858e-07	1.2082368666448395e-07	0.9079476142577176
tabula_muris.ESmuQ2.continuous.190730__Brain_Non-Myeloid.oligodendrocyte	-9.862425495787e-08	7.258185888451628e-08	0.9128950681503181
tabula_muris.ESmuQ2.continuous.190730__Brain_Non-Myeloid.neuron	-7.440774317366491e-08	5.464752544279526e-08	0.913336976285364
tabula_muris.ESmuQ2.continuous.190730__Lung.leukocyte	-1.7803399933158205e-07	1.2945073298215193e-07	0.9154812580180046
tabula_muris.ESmuQ2.continuous.190730__Heart.unknown_cell_type	-1.7746959048116457e-07	1.1502082249404749e-07	0.9385766604679785
tabula_muris.ESmuQ2.continuous.190730__Pancreas.pancreatic_stellate_cell	-1.973406091806665e-07	1.256911022174249e-07	0.9417976070641776
tabula_muris.ESmuQ2.continuous.190730__Trachea.endothelial_cell	-2.0853925960500424e-07	1.244663913660776e-07	0.9530786232292578
tabula_muris.ESmuQ2.continuous.190730__Limb_Muscle.endothelial_cell	-1.6151312996145452e-07	9.59821286909808e-08	0.9537874468367213
tabula_muris.ESmuQ2.continuous.190730__Trachea.mesenchymal_cell	-1.3468598229794e-07	7.965612629818052e-08	0.9545665784388611
tabula_muris.ESmuQ2.continuous.190730__Pancreas.pancreatic_A_cell	-1.3627883838589375e-07	7.076853496140223e-08	0.9729289638375321
tabula_muris.ESmuQ2.continuous.190730__Brain_Non-Myeloid.astrocyte	-1.482240382283987e-07	6.728539709585547e-08	0.9861996444102781
tabula_muris.ESmuQ2.continuous.190730__Brain_Non-Myeloid.oligodendrocyte_precursor_cell	-1.564357846876503e-07	6.901136234020017e-08	0.9882991437987342
tabula_muris.ESmuQ2.continuous.190730__Brain_Non-Myeloid.Bergmann_glial_cell	-1.5549760875594103e-07	6.747845379634687e-08	0.9894000079684409
tabula_muris.ESmuQ2.continuous.190730__Brain_Non-Myeloid.brain_pericyte	-2.2975196003027332e-07	9.49628354604353e-08	0.9922266797383688
tabula_muris.ESmuQ2.continuous.190730__Heart.endothelial_cell	-2.5424315229792116e-07	9.755664743684758e-08	0.9954211199777848
