Name	Coefficient	Coefficient_std_error	Coefficient_P_value
tabula_muris.ESmuQ1.continuous.190730__Heart.leukocyte	6.983619085874829e-08	3.4912277719720376e-08	0.02273214405842526
tabula_muris.ESmuQ1.continuous.190730__Kidney.epithelial_cell_of_proximal_tubule	7.597994323151192e-08	4.646338378625271e-08	0.05099675828421542
tabula_muris.ESmuQ1.continuous.190730__Liver.Kupffer_cell	1.0171515954235422e-07	6.583054073451385e-08	0.061160320187474304
tabula_muris.ESmuQ1.continuous.190730__Limb_Muscle.macrophage	8.122669656751958e-08	5.3845908207136926e-08	0.06571296128272981
tabula_muris.ESmuQ1.continuous.190730__Liver.hepatocyte	5.351552532025381e-08	3.570295373885763e-08	0.06694845117236072
tabula_muris.ESmuQ1.continuous.190730__Mammary_Gland.basal_cell	1.0869260720815902e-07	7.282893590056125e-08	0.06779229523495084
tabula_muris.ESmuQ1.continuous.190730__Marrow.megakaryocyte-erythroid_progenitor_cell	4.2893017858282115e-08	2.9348120551940854e-08	0.07193568205986797
tabula_muris.ESmuQ1.continuous.190730__Lung.lung_endothelial_cell	5.8980757031889225e-08	4.268746040405795e-08	0.0835337414072716
tabula_muris.ESmuQ1.continuous.190730__Skin.epidermal_cell	6.104962662583536e-08	4.7403503809107645e-08	0.09889533029636083
tabula_muris.ESmuQ1.continuous.190730__Marrow.precursor_B_cell	1.2003111796766497e-07	9.687994402624532e-08	0.10767873664658878
tabula_muris.ESmuQ1.continuous.190730__Fat.myeloid_cell	6.434778899792713e-08	5.589549441974569e-08	0.12482168671038446
tabula_muris.ESmuQ1.continuous.190730__Bladder.bladder_urothelial_cell	4.177334457908786e-08	3.652876737430808e-08	0.12640019766502986
tabula_muris.ESmuQ1.continuous.190730__Marrow.granulocyte	4.5214021540823516e-08	4.1805783024911495e-08	0.13973170582952327
tabula_muris.ESmuQ1.continuous.190730__Kidney.leukocyte	4.6379567809073576e-08	4.636391077868796e-08	0.15857355454006233
tabula_muris.ESmuQ1.continuous.190730__Tongue.keratinocyte	4.67211032349061e-08	4.7346250672232504e-08	0.1618712635292387
tabula_muris.ESmuQ1.continuous.190730__Brain_Myeloid.macrophage	9.55056202087256e-08	9.712819398741957e-08	0.16273125492411394
tabula_muris.ESmuQ1.continuous.190730__Heart.professional_antigen_presenting_cell	7.596621153064692e-08	7.803388395910514e-08	0.1651517123527541
tabula_muris.ESmuQ1.continuous.190730__Trachea.endothelial_cell	3.140671947325204e-08	3.2455694564522424e-08	0.16660215899040998
tabula_muris.ESmuQ1.continuous.190730__Pancreas.pancreatic_ductal_cell	2.9753529074660463e-08	3.113101863815191e-08	0.16959880657337162
tabula_muris.ESmuQ1.continuous.190730__Fat.endothelial_cell	3.5943554536204636e-08	3.879049541270253e-08	0.17706524293591092
tabula_muris.ESmuQ1.continuous.190730__Kidney.kidney_collecting_duct_epithelial_cell	5.8073194232997875e-08	6.287557097198791e-08	0.17784185265339064
tabula_muris.ESmuQ1.continuous.190730__Marrow.immature_B_cell	5.187937003258283e-08	5.6401832418298457e-08	0.1788341724227694
tabula_muris.ESmuQ1.continuous.190730__Pancreas.endothelial_cell	3.755475889940927e-08	4.096071451253287e-08	0.1796110857580669
tabula_muris.ESmuQ1.continuous.190730__Heart.endothelial_cell	3.963804395362444e-08	4.4168373224704936e-08	0.18474462973661138
tabula_muris.ESmuQ1.continuous.190730__Lung.epithelial_cell_of_lung	2.4467589321870554e-08	3.170967887474306e-08	0.22017194009621077
tabula_muris.ESmuQ1.continuous.190730__Mammary_Gland.endothelial_cell	2.8470480480275986e-08	3.699628427965103e-08	0.2207835179991583
tabula_muris.ESmuQ1.continuous.190730__Limb_Muscle.mesenchymal_stem_cell	2.341543503389059e-08	3.048597669978444e-08	0.22122210851671442
tabula_muris.ESmuQ1.continuous.190730__Liver.B_cell	5.698461062129499e-08	7.465323642159827e-08	0.22263508187144926
tabula_muris.ESmuQ1.continuous.190730__Mammary_Gland.luminal_epithelial_cell_of_mammary_gland	2.021680486580895e-08	2.717811331554821e-08	0.2284795476826122
tabula_muris.ESmuQ1.continuous.190730__Pancreas.type_B_pancreatic_cell	1.5603706299441365e-08	2.1709112948269348e-08	0.23614349139764285
tabula_muris.ESmuQ1.continuous.190730__Marrow.late_pro-B_cell	3.7035923487078124e-08	5.309999687320543e-08	0.2427527710995842
tabula_muris.ESmuQ1.continuous.190730__Pancreas.pancreatic_stellate_cell	3.0164390985970064e-08	4.552133320250837e-08	0.25377962459396275
tabula_muris.ESmuQ1.continuous.190730__Bladder.bladder_cell	2.119246377733226e-08	3.241786223160842e-08	0.2566435348789773
tabula_muris.ESmuQ1.continuous.190730__Marrow.Slamf1-negative_multipotent_progenitor_cell	1.7667933465681805e-08	2.7278645687316555e-08	0.2585947828125937
tabula_muris.ESmuQ1.continuous.190730__Brain_Non-Myeloid.brain_pericyte	1.6574835781096533e-08	2.5954651046842008e-08	0.2615391384418039
tabula_muris.ESmuQ1.continuous.190730__Limb_Muscle.skeletal_muscle_satellite_cell	2.2280791049597176e-08	3.6522018966946575e-08	0.2709095063094541
tabula_muris.ESmuQ1.continuous.190730__Large_Intestine.large_intestine_goblet_cell	1.5816374346802884e-08	2.675227073017395e-08	0.2771878035225911
tabula_muris.ESmuQ1.continuous.190730__Liver.natural_killer_cell	3.552016775413169e-08	6.0266890033547e-08	0.2778028159862158
tabula_muris.ESmuQ1.continuous.190730__Limb_Muscle.endothelial_cell	2.2645843742836032e-08	3.862081170339612e-08	0.2788155515713556
tabula_muris.ESmuQ1.continuous.190730__Marrow.granulocytopoietic_cell	2.137548912338327e-08	3.775575585641597e-08	0.2856452964467644
tabula_muris.ESmuQ1.continuous.190730__Brain_Non-Myeloid.endothelial_cell	1.8197039777769094e-08	3.3878937506202286e-08	0.29559251758974314
tabula_muris.ESmuQ1.continuous.190730__Skin.stem_cell_of_epidermis	1.2677841708303793e-08	2.363420117409723e-08	0.29583439699127906
tabula_muris.ESmuQ1.continuous.190730__Lung.leukocyte	2.9964711428498484e-08	5.895245335139382e-08	0.3056263652804847
tabula_muris.ESmuQ1.continuous.190730__Marrow.immature_NK_T_cell	2.3615403142196555e-08	4.8107546117857425e-08	0.311752935017938
tabula_muris.ESmuQ1.continuous.190730__Marrow.common_lymphoid_progenitor	5.980479961632435e-09	1.3171145790354844e-08	0.32489310792125947
tabula_muris.ESmuQ1.continuous.190730__Marrow.hematopoietic_precursor_cell	1.524276155202374e-08	3.39683834299786e-08	0.3268118518675152
tabula_muris.ESmuQ1.continuous.190730__Pancreas.pancreatic_acinar_cell	1.4931341334159162e-08	3.739284250473026e-08	0.3448323467017834
tabula_muris.ESmuQ1.continuous.190730__Spleen.B_cell	1.6186707422664455e-08	4.364434272410432e-08	0.3553643640814633
tabula_muris.ESmuQ1.continuous.190730__Heart.endocardial_cell	2.0888048902730115e-08	5.831708174532877e-08	0.3601040721092932
tabula_muris.ESmuQ1.continuous.190730__Marrow.mature_natural_killer_cell	1.5630656897591886e-08	4.8760669880366525e-08	0.3742724202532518
tabula_muris.ESmuQ1.continuous.190730__Marrow.basophil	1.270602975218198e-08	4.19123851395824e-08	0.380885137466481
tabula_muris.ESmuQ1.continuous.190730__Pancreas.leukocyte	1.657016567668411e-08	5.940596823953848e-08	0.3901488917792332
tabula_muris.ESmuQ1.continuous.190730__Heart.cardiac_muscle_cell	4.846287034376116e-09	1.8995749689940777e-08	0.3993133511452086
tabula_muris.ESmuQ1.continuous.190730__Skin.keratinocyte_stem_cell	5.50848944679922e-09	2.1878819758430924e-08	0.400608381322318
tabula_muris.ESmuQ1.continuous.190730__Liver.endothelial_cell_of_hepatic_sinusoid	8.368262533586678e-09	3.3609515387772235e-08	0.4016862227423456
tabula_muris.ESmuQ1.continuous.190730__Lung.monocyte	1.6145252211518008e-08	6.557879258357868e-08	0.4027651627064094
tabula_muris.ESmuQ1.continuous.190730__Lung.B_cell	1.2281296627354834e-08	5.10764784217287e-08	0.4049910335736271
tabula_muris.ESmuQ1.continuous.190730__Limb_Muscle.skeletal_muscle_satellite_stem_cell	5.5442335225020985e-09	2.365759254443273e-08	0.4073553774970471
tabula_muris.ESmuQ1.continuous.190730__Marrow.monocyte	1.1380178644659773e-08	4.9114586746305226e-08	0.4083829149351409
tabula_muris.ESmuQ1.continuous.190730__Tongue.basal_cell_of_epidermis	5.3960376003210085e-09	2.3733321194072524e-08	0.4100714242054869
tabula_muris.ESmuQ1.continuous.190730__Kidney.endothelial_cell	8.176750657800348e-09	3.6213247395400655e-08	0.4106806428633326
tabula_muris.ESmuQ1.continuous.190730__Lung.unknown_cell_type	6.9243081763875755e-09	3.3185875404598655e-08	0.41735985216840893
tabula_muris.ESmuQ1.continuous.190730__Trachea.blood_cell	6.342169212020868e-09	3.1632622277015734e-08	0.4205468995447844
tabula_muris.ESmuQ1.continuous.190730__Lung.myeloid_cell	9.840695121943175e-09	4.9097845200496385e-08	0.4205720378766572
tabula_muris.ESmuQ1.continuous.190730__Lung.classical_monocyte	1.4575486848900753e-08	7.899564281672295e-08	0.42680668754907464
tabula_muris.ESmuQ1.continuous.190730__Skin.basal_cell_of_epidermis	2.1123373077915154e-09	2.043283373634761e-08	0.4588308680248705
tabula_muris.ESmuQ1.continuous.190730__Marrow.Slamf1-positive_multipotent_progenitor_cell	1.7140264830597363e-09	2.135746002290817e-08	0.4680175304354385
tabula_muris.ESmuQ1.continuous.190730__Brain_Non-Myeloid.astrocyte	1.2161333038172347e-09	1.716013033020514e-08	0.47175072895278847
tabula_muris.ESmuQ1.continuous.190730__Heart.fibroblast	1.9133704696400476e-09	2.909405158300288e-08	0.4737824586312817
tabula_muris.ESmuQ1.continuous.190730__Large_Intestine.epithelial_cell_of_large_intestine	1.824865190572901e-09	3.096873172521782e-08	0.47650550258686164
tabula_muris.ESmuQ1.continuous.190730__Marrow.B_cell	1.4860689077231853e-09	4.3586422189218776e-08	0.48640079070569187
tabula_muris.ESmuQ1.continuous.190730__Large_Intestine.enteroendocrine_cell	6.736333969874726e-10	2.8039750713285702e-08	0.49041664110012523
tabula_muris.ESmuQ1.continuous.190730__Brain_Myeloid.microglial_cell	7.57125370636242e-10	3.629720429639253e-08	0.49167904455515754
tabula_muris.ESmuQ1.continuous.190730__Lung.stromal_cell	1.2935305637155878e-10	2.354829020583262e-08	0.49780858213839363
tabula_muris.ESmuQ1.continuous.190730__Large_Intestine.enterocyte_of_epithelium_of_large_intestine	2.087517173932343e-10	4.1744732697948645e-08	0.498005028809607
tabula_muris.ESmuQ1.continuous.190730__Limb_Muscle.lymphocyte	-7.147956470843974e-10	5.8988450880392456e-08	0.5048340857020474
tabula_muris.ESmuQ1.continuous.190730__Marrow.naive_B_cell	-6.93905380102725e-09	4.584333340563579e-08	0.5601559090019491
tabula_muris.ESmuQ1.continuous.190730__Fat.B_cell	-5.391036532471162e-09	3.385931076249791e-08	0.5632517270173909
tabula_muris.ESmuQ1.continuous.190730__Fat.natural_killer_cell	-1.0792649003391998e-08	4.942662013452898e-08	0.586424520941903
tabula_muris.ESmuQ1.continuous.190730__Marrow.pre-natural_killer_cell	-6.8184559313312044e-09	2.8660280003661128e-08	0.5940230445302864
tabula_muris.ESmuQ1.continuous.190730__Fat.mesenchymal_stem_cell_of_adipose	-7.540809716893564e-09	2.8795683209983303e-08	0.6032902919799988
tabula_muris.ESmuQ1.continuous.190730__Pancreas.pancreatic_PP_cell	-5.187244210512901e-09	1.9102256254631326e-08	0.6070165092429907
tabula_muris.ESmuQ1.continuous.190730__Marrow.granulocyte_monocyte_progenitor_cell	-8.104233204900818e-09	2.8811020454178317e-08	0.6107557607691219
tabula_muris.ESmuQ1.continuous.190730__Mammary_Gland.stromal_cell	-6.862061102239461e-09	2.4040424876883713e-08	0.6123458651572903
tabula_muris.ESmuQ1.continuous.190730__Brain_Non-Myeloid.Bergmann_glial_cell	-5.941911990644942e-09	1.881100939681874e-08	0.6239509910813855
tabula_muris.ESmuQ1.continuous.190730__Trachea.mesenchymal_cell	-1.0342953996528927e-08	3.1546389733583305e-08	0.6284930940621678
tabula_muris.ESmuQ1.continuous.190730__Heart.myofibroblast_cell	-7.596488236981413e-09	2.088035201786997e-08	0.6420001844211184
tabula_muris.ESmuQ1.continuous.190730__Thymus.leukocyte	-1.5720585956293073e-08	3.0698639283270386e-08	0.6957073537029962
tabula_muris.ESmuQ1.continuous.190730__Thymus.immature_T_cell	-1.7124299026412735e-08	3.2552779279028984e-08	0.7005723003912705
tabula_muris.ESmuQ1.continuous.190730__Marrow.macrophage	-1.145970227359965e-08	2.0497953129656065e-08	0.7119415547267318
tabula_muris.ESmuQ1.continuous.190730__Brain_Non-Myeloid.oligodendrocyte_precursor_cell	-8.423059860260514e-09	1.4230603686764926e-08	0.7230404122227828
tabula_muris.ESmuQ1.continuous.190730__Pancreas.pancreatic_A_cell	-9.227979689069146e-09	1.513234526914034e-08	0.7290088810104483
tabula_muris.ESmuQ1.continuous.190730__Fat.unknown_cell_type	-1.8469197209238474e-08	2.7780299493923514e-08	0.7469206222145484
tabula_muris.ESmuQ1.continuous.190730__Kidney.macrophage	-3.40986432892696e-08	4.9456224970834755e-08	0.7547366077866312
tabula_muris.ESmuQ1.continuous.190730__Heart.smooth_muscle_cell	-1.2370108850078438e-08	1.794007168498246e-08	0.754753192321495
tabula_muris.ESmuQ1.continuous.190730__Spleen.T_cell	-2.86562419492345e-08	3.497914677639332e-08	0.793674645817342
tabula_muris.ESmuQ1.continuous.190730__Brain_Non-Myeloid.neuron	-9.249933523052106e-09	1.1166025071621791e-08	0.7962779549913982
tabula_muris.ESmuQ1.continuous.190730__Marrow.immature_T_cell	-3.6166415291672795e-08	4.253964782485273e-08	0.8023878660435857
tabula_muris.ESmuQ1.continuous.190730__Thymus.DN1_thymic_pro-T_cell	-3.546051808313377e-08	3.7803172460205394e-08	0.8258855593130308
tabula_muris.ESmuQ1.continuous.190730__Brain_Non-Myeloid.oligodendrocyte	-2.134931779851687e-08	2.034045745556302e-08	0.8530486735675998
tabula_muris.ESmuQ1.continuous.190730__Marrow.immature_natural_killer_cell	-4.069955219400562e-08	3.6333393439864045e-08	0.8686791898902262
tabula_muris.ESmuQ1.continuous.190730__Pancreas.pancreatic_D_cell	-1.743568766891125e-08	1.5021375303722986e-08	0.8771231487856568
tabula_muris.ESmuQ1.continuous.190730__Marrow.regulatory_T_cell	-5.787801052445818e-08	4.8655446933531275e-08	0.8828880374256687
tabula_muris.ESmuQ1.continuous.190730__Heart.erythrocyte	-1.593877718353309e-08	1.3330432605807757e-08	0.8840870085508868
tabula_muris.ESmuQ1.continuous.190730__Skin.leukocyte	-4.150874678554685e-08	3.15623988846285e-08	0.9057673666503809
tabula_muris.ESmuQ1.continuous.190730__Large_Intestine.Brush_cell_of_epithelium_proper_of_large_intestine	-3.2386342924959673e-08	2.4582652586183385e-08	0.9061555892458351
tabula_muris.ESmuQ1.continuous.190730__Limb_Muscle.B_cell	-4.835834608125499e-08	3.5962733435395145e-08	0.9106356017441738
tabula_muris.ESmuQ1.continuous.190730__Trachea.epithelial_cell	-3.148956722299609e-08	2.2898066485676515e-08	0.9154662652329313
tabula_muris.ESmuQ1.continuous.190730__Spleen.macrophage	-5.2811202826400264e-08	3.781111365775301e-08	0.9187497702404527
tabula_muris.ESmuQ1.continuous.190730__Lung.ciliated_columnar_cell_of_tracheobronchial_tree	-1.9603128258398867e-08	1.3794415748145829e-08	0.9223549332291027
tabula_muris.ESmuQ1.continuous.190730__Heart.unknown_cell_type	-3.710604391995118e-08	2.564679553186513e-08	0.9260249474595091
tabula_muris.ESmuQ1.continuous.190730__Lung.natural_killer_cell	-5.304966337936425e-08	3.326593231287935e-08	0.9446119488238638
tabula_muris.ESmuQ1.continuous.190730__Lung.T_cell	-6.339170122476005e-08	3.5440051578323323e-08	0.9631686125799928
tabula_muris.ESmuQ1.continuous.190730__Fat.T_cell	-5.0238172076831895e-08	2.7361351623088803e-08	0.9668285506080592
tabula_muris.ESmuQ1.continuous.190730__Limb_Muscle.T_cell	-8.918651784565096e-08	3.0656512126523116e-08	0.998188337210813
