Name	Coefficient	Coefficient_std_error	Coefficient_P_value
tabula_muris.ESmuQ1.continuous.190730__Pancreas.pancreatic_A_cell	5.631606462946262e-08	2.4657852356840893e-08	0.011188709527892157
tabula_muris.ESmuQ1.continuous.190730__Pancreas.pancreatic_acinar_cell	8.359492045920192e-08	4.136883104541563e-08	0.02165425872194934
tabula_muris.ESmuQ1.continuous.190730__Pancreas.pancreatic_PP_cell	5.5116868425339435e-08	2.925435730957563e-08	0.02977865194636513
tabula_muris.ESmuQ1.continuous.190730__Liver.endothelial_cell_of_hepatic_sinusoid	8.663416519121295e-08	4.8298888211816224e-08	0.03642978969826856
tabula_muris.ESmuQ1.continuous.190730__Brain_Non-Myeloid.neuron	2.813654140567859e-08	1.5745391875113362e-08	0.03697117649427248
tabula_muris.ESmuQ1.continuous.190730__Pancreas.pancreatic_ductal_cell	5.155058998755768e-08	3.021824443078209e-08	0.04400938508613808
tabula_muris.ESmuQ1.continuous.190730__Heart.endocardial_cell	5.8430827156769536e-08	3.492217591829743e-08	0.047146663376335086
tabula_muris.ESmuQ1.continuous.190730__Mammary_Gland.endothelial_cell	6.936699490416237e-08	4.789747443847408e-08	0.0737750975584146
tabula_muris.ESmuQ1.continuous.190730__Marrow.common_lymphoid_progenitor	3.607154384743391e-08	2.511787304366849e-08	0.07548826723484281
tabula_muris.ESmuQ1.continuous.190730__Brain_Non-Myeloid.Bergmann_glial_cell	3.4573327982908516e-08	2.5833848470508746e-08	0.09040003364325883
tabula_muris.ESmuQ1.continuous.190730__Trachea.epithelial_cell	3.866857681971665e-08	2.897892489023667e-08	0.09104148968800924
tabula_muris.ESmuQ1.continuous.190730__Trachea.endothelial_cell	6.223622842757517e-08	4.895070627850549e-08	0.10179210004361738
tabula_muris.ESmuQ1.continuous.190730__Marrow.megakaryocyte-erythroid_progenitor_cell	7.12213432721269e-08	5.695242953613076e-08	0.10555100966383857
tabula_muris.ESmuQ1.continuous.190730__Kidney.endothelial_cell	4.928691357587116e-08	4.054154938531477e-08	0.11204701785920518
tabula_muris.ESmuQ1.continuous.190730__Marrow.hematopoietic_precursor_cell	1.2783065945520962e-07	1.0746061529766039e-07	0.11711003547274995
tabula_muris.ESmuQ1.continuous.190730__Brain_Non-Myeloid.oligodendrocyte_precursor_cell	2.6347484721502327e-08	2.260875406362597e-08	0.12193533459239808
tabula_muris.ESmuQ1.continuous.190730__Pancreas.type_B_pancreatic_cell	2.7430064041306632e-08	2.4514010243573546e-08	0.13157975815992112
tabula_muris.ESmuQ1.continuous.190730__Marrow.regulatory_T_cell	9.124389563208053e-08	8.398187627287388e-08	0.13863527287555638
tabula_muris.ESmuQ1.continuous.190730__Lung.epithelial_cell_of_lung	4.182475972436779e-08	4.220299480354151e-08	0.16083358116084157
tabula_muris.ESmuQ1.continuous.190730__Lung.ciliated_columnar_cell_of_tracheobronchial_tree	2.427611166448518e-08	2.550747137759804e-08	0.17061809962942803
tabula_muris.ESmuQ1.continuous.190730__Lung.lung_endothelial_cell	3.136828471079171e-08	3.400710536122973e-08	0.17815898270518216
tabula_muris.ESmuQ1.continuous.190730__Marrow.Slamf1-negative_multipotent_progenitor_cell	3.619114940986618e-08	3.997016501688422e-08	0.18261243554769668
tabula_muris.ESmuQ1.continuous.190730__Liver.Kupffer_cell	4.2451709039958156e-08	4.816275428306878e-08	0.1890447393949654
tabula_muris.ESmuQ1.continuous.190730__Pancreas.pancreatic_D_cell	2.5402889432864167e-08	2.9210654554878252e-08	0.1922473147433092
tabula_muris.ESmuQ1.continuous.190730__Pancreas.endothelial_cell	4.3725675722423213e-08	5.2691623325406436e-08	0.20331430924879085
tabula_muris.ESmuQ1.continuous.190730__Marrow.Slamf1-positive_multipotent_progenitor_cell	3.577763038762182e-08	4.5649759455846386e-08	0.2165957781435628
tabula_muris.ESmuQ1.continuous.190730__Large_Intestine.enteroendocrine_cell	2.6008182056763604e-08	3.4110432256428105e-08	0.2228897640292286
tabula_muris.ESmuQ1.continuous.190730__Marrow.granulocyte	2.429866355839395e-08	3.5280353092473544e-08	0.24549636510421147
tabula_muris.ESmuQ1.continuous.190730__Limb_Muscle.endothelial_cell	2.2632240053720104e-08	3.794929773422211e-08	0.27546036587745537
tabula_muris.ESmuQ1.continuous.190730__Kidney.macrophage	3.7615003915750375e-08	6.434017061438775e-08	0.2793992587870501
tabula_muris.ESmuQ1.continuous.190730__Large_Intestine.Brush_cell_of_epithelium_proper_of_large_intestine	2.1593098167437316e-08	3.78408259512427e-08	0.28412534969464676
tabula_muris.ESmuQ1.continuous.190730__Kidney.epithelial_cell_of_proximal_tubule	1.517452175487131e-08	2.7705179197891083e-08	0.2919440591285564
tabula_muris.ESmuQ1.continuous.190730__Brain_Non-Myeloid.astrocyte	1.1642094040718514e-08	2.1778800701806338e-08	0.2964767835771278
tabula_muris.ESmuQ1.continuous.190730__Large_Intestine.enterocyte_of_epithelium_of_large_intestine	1.3294627715924016e-08	2.8951974626354175e-08	0.3230467513651668
tabula_muris.ESmuQ1.continuous.190730__Heart.endothelial_cell	1.586868969221185e-08	3.502199988473507e-08	0.3252360902281972
tabula_muris.ESmuQ1.continuous.190730__Limb_Muscle.T_cell	2.6314919504389444e-08	7.343570730721103e-08	0.3600446058784327
tabula_muris.ESmuQ1.continuous.190730__Heart.myofibroblast_cell	1.0294438396934624e-08	3.0674752381076406e-08	0.3685863665220007
tabula_muris.ESmuQ1.continuous.190730__Liver.natural_killer_cell	2.4191342760711986e-08	7.859274509881792e-08	0.3791148604255963
tabula_muris.ESmuQ1.continuous.190730__Skin.leukocyte	2.1303175613898936e-08	8.178294787374163e-08	0.3972451041635464
tabula_muris.ESmuQ1.continuous.190730__Marrow.B_cell	1.5406979505654427e-08	6.04243419075637e-08	0.3993693959121479
tabula_muris.ESmuQ1.continuous.190730__Fat.endothelial_cell	7.441818494395385e-09	3.50012290010128e-08	0.4158132766140061
tabula_muris.ESmuQ1.continuous.190730__Heart.unknown_cell_type	7.659113420076908e-09	4.167610353337431e-08	0.42709416109774134
tabula_muris.ESmuQ1.continuous.190730__Marrow.pre-natural_killer_cell	7.1673947807137876e-09	4.48754085063379e-08	0.4365517484274365
tabula_muris.ESmuQ1.continuous.190730__Marrow.immature_T_cell	7.836112724162837e-09	4.918280930566875e-08	0.4367059189753893
tabula_muris.ESmuQ1.continuous.190730__Heart.leukocyte	3.661782305415208e-09	3.3806227867921886e-08	0.45687219965037384
tabula_muris.ESmuQ1.continuous.190730__Marrow.granulocytopoietic_cell	3.146557551763112e-09	3.385679770107707e-08	0.46297670770080684
tabula_muris.ESmuQ1.continuous.190730__Thymus.DN1_thymic_pro-T_cell	4.1368574645805035e-09	5.322897764879331e-08	0.4690261296103587
tabula_muris.ESmuQ1.continuous.190730__Skin.stem_cell_of_epidermis	1.361209781290839e-09	3.549526914800527e-08	0.4847046924267433
tabula_muris.ESmuQ1.continuous.190730__Limb_Muscle.B_cell	9.403101028734533e-10	5.004873721716359e-08	0.4925051577804628
tabula_muris.ESmuQ1.continuous.190730__Spleen.macrophage	-4.111241316681637e-10	4.088349691587555e-08	0.504011692901847
tabula_muris.ESmuQ1.continuous.190730__Lung.unknown_cell_type	-9.797867359563418e-10	4.006763982577587e-08	0.5097544902743452
tabula_muris.ESmuQ1.continuous.190730__Heart.smooth_muscle_cell	-2.0569914444301343e-09	2.9742208345121562e-08	0.5275691407390293
tabula_muris.ESmuQ1.continuous.190730__Fat.unknown_cell_type	-2.44381457185843e-09	3.463963777336162e-08	0.5281219108923297
tabula_muris.ESmuQ1.continuous.190730__Brain_Myeloid.microglial_cell	-3.910007455565224e-09	3.239256450336797e-08	0.5480384204792365
tabula_muris.ESmuQ1.continuous.190730__Marrow.granulocyte_monocyte_progenitor_cell	-4.882781961958015e-09	3.8946170419597806e-08	0.5498857035667675
tabula_muris.ESmuQ1.continuous.190730__Lung.natural_killer_cell	-6.442526290504732e-09	4.7886049471694975e-08	0.5535116898929116
tabula_muris.ESmuQ1.continuous.190730__Lung.T_cell	-6.9643879844177775e-09	4.933351375517866e-08	0.5561319840090476
tabula_muris.ESmuQ1.continuous.190730__Marrow.late_pro-B_cell	-7.862839327235078e-09	3.085240260101312e-08	0.6005818306217299
tabula_muris.ESmuQ1.continuous.190730__Large_Intestine.large_intestine_goblet_cell	-7.852718550844392e-09	2.949318211002896e-08	0.6049787344997892
tabula_muris.ESmuQ1.continuous.190730__Skin.keratinocyte_stem_cell	-7.623165252132492e-09	2.670908082213258e-08	0.6123367904266178
tabula_muris.ESmuQ1.continuous.190730__Skin.basal_cell_of_epidermis	-7.2617097352120605e-09	2.286832318233362e-08	0.6245847518974245
tabula_muris.ESmuQ1.continuous.190730__Heart.professional_antigen_presenting_cell	-9.411284784667824e-09	2.6536488935402598e-08	0.6385757731312738
tabula_muris.ESmuQ1.continuous.190730__Spleen.B_cell	-1.4327033655732444e-08	4.0217112543594675e-08	0.6391704137855685
tabula_muris.ESmuQ1.continuous.190730__Mammary_Gland.luminal_epithelial_cell_of_mammary_gland	-1.2505920987109888e-08	3.098630177692144e-08	0.6567447721252626
tabula_muris.ESmuQ1.continuous.190730__Kidney.kidney_collecting_duct_epithelial_cell	-1.3182585408177292e-08	3.1152107372066314e-08	0.6639137760734333
tabula_muris.ESmuQ1.continuous.190730__Bladder.bladder_urothelial_cell	-1.901545544836112e-08	4.26025493180458e-08	0.6723261467282926
tabula_muris.ESmuQ1.continuous.190730__Lung.leukocyte	-1.8637770948182304e-08	3.778216883143722e-08	0.6890980689633966
tabula_muris.ESmuQ1.continuous.190730__Brain_Non-Myeloid.oligodendrocyte	-1.4759908956556117e-08	2.8901386444264624e-08	0.6952190770540556
tabula_muris.ESmuQ1.continuous.190730__Thymus.immature_T_cell	-1.8670209381300548e-08	3.649357751023896e-08	0.6955354196130019
tabula_muris.ESmuQ1.continuous.190730__Spleen.T_cell	-1.751165297727374e-08	3.3914562000092236e-08	0.6971936599189085
tabula_muris.ESmuQ1.continuous.190730__Fat.B_cell	-2.1772673051195873e-08	3.8902629940783466e-08	0.712148060172025
tabula_muris.ESmuQ1.continuous.190730__Fat.T_cell	-1.93884339952615e-08	3.448680226178884e-08	0.7130096626109655
tabula_muris.ESmuQ1.continuous.190730__Tongue.basal_cell_of_epidermis	-1.2378683537465307e-08	2.195902271495895e-08	0.713526768507413
tabula_muris.ESmuQ1.continuous.190730__Brain_Myeloid.macrophage	-2.3364855224339576e-08	4.116749741890327e-08	0.714831713627007
tabula_muris.ESmuQ1.continuous.190730__Limb_Muscle.skeletal_muscle_satellite_cell	-1.9945703718507592e-08	3.391962832194119e-08	0.7217433743733136
tabula_muris.ESmuQ1.continuous.190730__Marrow.naive_B_cell	-2.2716622937495142e-08	3.777479247047941e-08	0.7262031768870779
tabula_muris.ESmuQ1.continuous.190730__Large_Intestine.epithelial_cell_of_large_intestine	-1.8210458553228528e-08	3.022246814032607e-08	0.7265949676965388
tabula_muris.ESmuQ1.continuous.190730__Marrow.immature_NK_T_cell	-2.6430803258338084e-08	3.953713303067737e-08	0.7480946137077613
tabula_muris.ESmuQ1.continuous.190730__Skin.epidermal_cell	-1.9767570443070127e-08	2.8359233046480715e-08	0.7571116780163458
tabula_muris.ESmuQ1.continuous.190730__Lung.B_cell	-3.026802676190957e-08	3.954967298074264e-08	0.7779585206457467
tabula_muris.ESmuQ1.continuous.190730__Limb_Muscle.macrophage	-3.286825554871806e-08	3.982605264795463e-08	0.7953980307868175
tabula_muris.ESmuQ1.continuous.190730__Pancreas.pancreatic_stellate_cell	-3.477322309636971e-08	4.1993865320678057e-08	0.7961802761472156
tabula_muris.ESmuQ1.continuous.190730__Marrow.mature_natural_killer_cell	-3.057951597697321e-08	3.675061204113562e-08	0.7973186172585858
tabula_muris.ESmuQ1.continuous.190730__Thymus.leukocyte	-3.015743962326268e-08	3.606517165805004e-08	0.7984767973291801
tabula_muris.ESmuQ1.continuous.190730__Trachea.blood_cell	-2.8454466071715756e-08	3.352692227402558e-08	0.8019772642238167
tabula_muris.ESmuQ1.continuous.190730__Lung.monocyte	-3.484897364446736e-08	4.045442487405197e-08	0.8055015372264607
tabula_muris.ESmuQ1.continuous.190730__Brain_Non-Myeloid.brain_pericyte	-2.353370251947208e-08	2.6738265501628793e-08	0.8106111558568871
tabula_muris.ESmuQ1.continuous.190730__Fat.myeloid_cell	-2.6209207345383104e-08	2.8651697351101533e-08	0.8198391712264429
tabula_muris.ESmuQ1.continuous.190730__Bladder.bladder_cell	-2.6600025172647683e-08	2.8350847819589392e-08	0.8259405959547007
tabula_muris.ESmuQ1.continuous.190730__Marrow.macrophage	-2.3358003701871843e-08	2.3954705013044632e-08	0.8352422982978098
tabula_muris.ESmuQ1.continuous.190730__Limb_Muscle.lymphocyte	-5.959802358422376e-08	5.550250672254083e-08	0.8585415406170366
tabula_muris.ESmuQ1.continuous.190730__Mammary_Gland.basal_cell	-3.433529219664934e-08	2.997398798422626e-08	0.873999566649794
tabula_muris.ESmuQ1.continuous.190730__Lung.myeloid_cell	-4.9312114152513584e-08	4.293480579210505e-08	0.8746260510072151
tabula_muris.ESmuQ1.continuous.190730__Pancreas.leukocyte	-5.3151251544342595e-08	4.5810738959200546e-08	0.8770235577740345
tabula_muris.ESmuQ1.continuous.190730__Marrow.immature_natural_killer_cell	-4.8251539431080567e-08	4.072231555342988e-08	0.8819698930637374
tabula_muris.ESmuQ1.continuous.190730__Marrow.basophil	-7.165943916351451e-08	5.401447989227883e-08	0.9076912159999526
tabula_muris.ESmuQ1.continuous.190730__Heart.cardiac_muscle_cell	-3.009069408873978e-08	2.2419217398645598e-08	0.910231678160484
tabula_muris.ESmuQ1.continuous.190730__Kidney.leukocyte	-6.234475270941395e-08	4.633621635943504e-08	0.9107659079784216
tabula_muris.ESmuQ1.continuous.190730__Liver.B_cell	-5.64637826862515e-08	4.0665338922237266e-08	0.917507426434614
tabula_muris.ESmuQ1.continuous.190730__Liver.hepatocyte	-2.4658791672382707e-08	1.74418351606092e-08	0.9212856849810704
tabula_muris.ESmuQ1.continuous.190730__Heart.fibroblast	-4.1229868432707685e-08	2.8681884005520813e-08	0.9247103315050834
tabula_muris.ESmuQ1.continuous.190730__Trachea.mesenchymal_cell	-5.017401334598088e-08	3.4158577207637517e-08	0.9290640040107124
tabula_muris.ESmuQ1.continuous.190730__Lung.classical_monocyte	-5.728385131207232e-08	3.6680643318683293e-08	0.9408196667096872
tabula_muris.ESmuQ1.continuous.190730__Mammary_Gland.stromal_cell	-5.5256831900547846e-08	3.3198800012744306e-08	0.9519859931948678
tabula_muris.ESmuQ1.continuous.190730__Marrow.immature_B_cell	-5.7410740151976385e-08	3.3740573706067524e-08	0.9555786394550602
tabula_muris.ESmuQ1.continuous.190730__Brain_Non-Myeloid.endothelial_cell	-5.2342228948048005e-08	3.052251854193097e-08	0.9568157010409343
tabula_muris.ESmuQ1.continuous.190730__Fat.natural_killer_cell	-6.241931480425237e-08	3.621968615354237e-08	0.9575876705937696
tabula_muris.ESmuQ1.continuous.190730__Heart.erythrocyte	-2.751138826970161e-08	1.570928780414759e-08	0.9600513009223278
tabula_muris.ESmuQ1.continuous.190730__Tongue.keratinocyte	-3.7760305196425395e-08	2.0775616267176926e-08	0.9654319981445705
tabula_muris.ESmuQ1.continuous.190730__Lung.stromal_cell	-4.806629943574332e-08	2.6213234076651684e-08	0.966648158579464
tabula_muris.ESmuQ1.continuous.190730__Limb_Muscle.skeletal_muscle_satellite_stem_cell	-5.0953195586827866e-08	2.7078915938540252e-08	0.9700586085202614
tabula_muris.ESmuQ1.continuous.190730__Marrow.monocyte	-5.8154810802110964e-08	3.047276314287047e-08	0.9718314810075072
tabula_muris.ESmuQ1.continuous.190730__Marrow.precursor_B_cell	-5.6537486519806254e-08	2.5314870137616212e-08	0.9872377421035996
tabula_muris.ESmuQ1.continuous.190730__Fat.mesenchymal_stem_cell_of_adipose	-6.8468332932465e-08	2.6656625039216618e-08	0.9948934519022825
tabula_muris.ESmuQ1.continuous.190730__Limb_Muscle.mesenchymal_stem_cell	-6.113021070340874e-08	2.360699294631235e-08	0.9951941711902991
