Name	Coefficient	Coefficient_std_error	Coefficient_P_value
tabula_muris.ESmuQ2.continuous.190730__Brain_Non-Myeloid.neuron	5.033986877819576e-08	1.7327337912217316e-08	0.0018349278094224057
tabula_muris.ESmuQ2.continuous.190730__Pancreas.type_B_pancreatic_cell	6.338800833565683e-08	2.4055532664410715e-08	0.004205998788380834
tabula_muris.ESmuQ2.continuous.190730__Mammary_Gland.stromal_cell	5.424957862625312e-08	2.745816130265434e-08	0.024093372673822732
tabula_muris.ESmuQ2.continuous.190730__Marrow.granulocyte	5.128501145509164e-08	2.8859063519169745e-08	0.037777120573494936
tabula_muris.ESmuQ2.continuous.190730__Pancreas.pancreatic_PP_cell	4.8582311585832075e-08	3.052570562491311e-08	0.05574614961042266
tabula_muris.ESmuQ2.continuous.190730__Marrow.monocyte	5.3766807255743714e-08	3.870204911445337e-08	0.08237842799587691
tabula_muris.ESmuQ2.continuous.190730__Brain_Non-Myeloid.Bergmann_glial_cell	4.5534730530185606e-08	3.3607761661845187e-08	0.08772672817771282
tabula_muris.ESmuQ2.continuous.190730__Trachea.endothelial_cell	6.953115666252776e-08	5.638356194331574e-08	0.10875405717309522
tabula_muris.ESmuQ2.continuous.190730__Pancreas.leukocyte	5.345298403124271e-08	4.379076311981329e-08	0.11111019568241409
tabula_muris.ESmuQ2.continuous.190730__Brain_Non-Myeloid.oligodendrocyte	2.959819156499182e-08	2.4630508869919833e-08	0.11474217970720507
tabula_muris.ESmuQ2.continuous.190730__Brain_Myeloid.microglial_cell	4.289463271465834e-08	4.233561008067082e-08	0.15548123407442727
tabula_muris.ESmuQ2.continuous.190730__Pancreas.pancreatic_A_cell	2.127210565878788e-08	2.0998389550352642e-08	0.15552169783698505
tabula_muris.ESmuQ2.continuous.190730__Liver.hepatocyte	2.4348828175600915e-08	2.5093615025947884e-08	0.16594358856153368
tabula_muris.ESmuQ2.continuous.190730__Thymus.leukocyte	4.965748043513731e-08	5.160076644748841e-08	0.16793942672961376
tabula_muris.ESmuQ2.continuous.190730__Spleen.macrophage	3.804983678466181e-08	4.092385627620252e-08	0.17624469293478512
tabula_muris.ESmuQ2.continuous.190730__Brain_Non-Myeloid.astrocyte	2.3345528787004822e-08	2.5273302126521948e-08	0.17781529423953624
tabula_muris.ESmuQ2.continuous.190730__Pancreas.endothelial_cell	4.2037376342883035e-08	4.762750864520332e-08	0.18871862687968227
tabula_muris.ESmuQ2.continuous.190730__Limb_Muscle.T_cell	4.8244642790510165e-08	5.4781955596708575e-08	0.18924912899196145
tabula_muris.ESmuQ2.continuous.190730__Heart.leukocyte	2.460934032018888e-08	3.1257312565942106e-08	0.21554884586194667
tabula_muris.ESmuQ2.continuous.190730__Marrow.basophil	5.0465254931465175e-08	6.712478421020106e-08	0.22608189799359502
tabula_muris.ESmuQ2.continuous.190730__Lung.monocyte	3.1366157242209725e-08	4.2696676460398615e-08	0.23128316009786987
tabula_muris.ESmuQ2.continuous.190730__Heart.smooth_muscle_cell	1.956511349232287e-08	2.677362467069689e-08	0.23246265712062464
tabula_muris.ESmuQ2.continuous.190730__Large_Intestine.large_intestine_goblet_cell	1.4174337414914785e-08	1.9778740457435985e-08	0.23679655471006356
tabula_muris.ESmuQ2.continuous.190730__Brain_Non-Myeloid.oligodendrocyte_precursor_cell	1.37403515499766e-08	1.948558041265362e-08	0.24035693746012937
tabula_muris.ESmuQ2.continuous.190730__Tongue.basal_cell_of_epidermis	1.8199257985175685e-08	2.69986870918313e-08	0.250130427264708
tabula_muris.ESmuQ2.continuous.190730__Heart.myofibroblast_cell	2.235927529609434e-08	3.331056089737163e-08	0.2510348348966073
tabula_muris.ESmuQ2.continuous.190730__Heart.erythrocyte	1.4124079105390503e-08	2.136744469165199e-08	0.25430318302786026
tabula_muris.ESmuQ2.continuous.190730__Kidney.epithelial_cell_of_proximal_tubule	1.7175287107923865e-08	2.9996807256735496e-08	0.28346776724581246
tabula_muris.ESmuQ2.continuous.190730__Heart.cardiac_muscle_cell	1.5265488947341016e-08	2.6930738433946663e-08	0.28541057315303564
tabula_muris.ESmuQ2.continuous.190730__Fat.B_cell	2.2285457392609562e-08	3.9474767160151414e-08	0.2861901342151639
tabula_muris.ESmuQ2.continuous.190730__Fat.myeloid_cell	1.721816771397596e-08	3.231645747876671e-08	0.29708645427420854
tabula_muris.ESmuQ2.continuous.190730__Heart.fibroblast	1.4828073165241175e-08	2.799006557160406e-08	0.2981384769224071
tabula_muris.ESmuQ2.continuous.190730__Lung.epithelial_cell_of_lung	2.4064296738128285e-08	4.835123424083682e-08	0.30934857446518954
tabula_muris.ESmuQ2.continuous.190730__Marrow.immature_B_cell	1.979210539226331e-08	4.3960039697541936e-08	0.32627249428974164
tabula_muris.ESmuQ2.continuous.190730__Fat.T_cell	1.3442632048803559e-08	3.2858309813466446e-08	0.3412298160206561
tabula_muris.ESmuQ2.continuous.190730__Kidney.macrophage	3.757500617097858e-08	9.399552339778698e-08	0.34466917190177127
tabula_muris.ESmuQ2.continuous.190730__Lung.classical_monocyte	1.595038119484018e-08	4.2877389072864344e-08	0.3549464901414113
tabula_muris.ESmuQ2.continuous.190730__Kidney.kidney_collecting_duct_epithelial_cell	1.2687236405988876e-08	3.683576881688166e-08	0.3652625620438579
tabula_muris.ESmuQ2.continuous.190730__Spleen.B_cell	1.0106828936602083e-08	3.2704782810154275e-08	0.3786485401839018
tabula_muris.ESmuQ2.continuous.190730__Kidney.leukocyte	1.340249289181887e-08	4.943516016828606e-08	0.3931522303686973
tabula_muris.ESmuQ2.continuous.190730__Marrow.B_cell	8.83758858276718e-09	3.5503464345680074e-08	0.40171061059298663
tabula_muris.ESmuQ2.continuous.190730__Marrow.late_pro-B_cell	6.752576655746633e-09	2.976916513810446e-08	0.41027748520810703
tabula_muris.ESmuQ2.continuous.190730__Skin.keratinocyte_stem_cell	3.770216184828828e-09	2.4205962957679885e-08	0.4381128037806214
tabula_muris.ESmuQ2.continuous.190730__Marrow.granulocyte_monocyte_progenitor_cell	4.354076746236389e-09	3.0976027856302794e-08	0.44410767473818447
tabula_muris.ESmuQ2.continuous.190730__Pancreas.pancreatic_acinar_cell	3.055313999707381e-09	3.161372373652404e-08	0.4615040882433371
tabula_muris.ESmuQ2.continuous.190730__Lung.natural_killer_cell	3.450994216774463e-09	4.385606713942735e-08	0.4686399599076937
tabula_muris.ESmuQ2.continuous.190730__Thymus.immature_T_cell	2.030811195139511e-09	3.2778486769505286e-08	0.47529909043229746
tabula_muris.ESmuQ2.continuous.190730__Marrow.regulatory_T_cell	3.72930238268552e-09	6.657133816412461e-08	0.47766308072858615
tabula_muris.ESmuQ2.continuous.190730__Brain_Non-Myeloid.brain_pericyte	1.2813945332276693e-09	2.6759866002630156e-08	0.4809039715464071
tabula_muris.ESmuQ2.continuous.190730__Pancreas.pancreatic_stellate_cell	1.2324184765509226e-09	4.808213375290366e-08	0.4897756199813811
tabula_muris.ESmuQ2.continuous.190730__Liver.B_cell	1.1538784752500301e-09	5.1122613304044686e-08	0.4909963165377057
tabula_muris.ESmuQ2.continuous.190730__Trachea.mesenchymal_cell	-6.553872577310983e-10	2.17402046190344e-08	0.5120248219534478
tabula_muris.ESmuQ2.continuous.190730__Fat.mesenchymal_stem_cell_of_adipose	-1.021676613061627e-09	2.7991474897763307e-08	0.5145579865877207
tabula_muris.ESmuQ2.continuous.190730__Marrow.precursor_B_cell	-1.3616261374855853e-09	2.7642532037799187e-08	0.5196433033870924
tabula_muris.ESmuQ2.continuous.190730__Kidney.endothelial_cell	-2.716961981436639e-09	3.7782562852616894e-08	0.5286634224733936
tabula_muris.ESmuQ2.continuous.190730__Lung.leukocyte	-3.9840963459116975e-09	4.157977668704032e-08	0.5381674900480359
tabula_muris.ESmuQ2.continuous.190730__Heart.professional_antigen_presenting_cell	-2.4269473235454014e-09	2.476990605358218e-08	0.5390257833069666
tabula_muris.ESmuQ2.continuous.190730__Mammary_Gland.basal_cell	-2.797919478490865e-09	2.8274793079997276e-08	0.5394128223613176
tabula_muris.ESmuQ2.continuous.190730__Liver.endothelial_cell_of_hepatic_sinusoid	-5.4253973321340145e-09	4.24141471436504e-08	0.5508918024289754
tabula_muris.ESmuQ2.continuous.190730__Heart.unknown_cell_type	-4.905713007121173e-09	3.707946095982688e-08	0.5526275662843477
tabula_muris.ESmuQ2.continuous.190730__Skin.leukocyte	-6.358337776402276e-09	4.560764547443638e-08	0.5554384386106134
tabula_muris.ESmuQ2.continuous.190730__Limb_Muscle.B_cell	-6.313507653586309e-09	4.085854526007634e-08	0.5614005650421251
tabula_muris.ESmuQ2.continuous.190730__Thymus.DN1_thymic_pro-T_cell	-6.3630871830290804e-09	3.845552882027086e-08	0.5657114431001771
tabula_muris.ESmuQ2.continuous.190730__Pancreas.pancreatic_D_cell	-3.7137143540093264e-09	1.971300685954347e-08	0.5747141529880073
tabula_muris.ESmuQ2.continuous.190730__Marrow.megakaryocyte-erythroid_progenitor_cell	-8.436750799683692e-09	4.458391657030708e-08	0.5750449197943833
tabula_muris.ESmuQ2.continuous.190730__Brain_Myeloid.macrophage	-1.0270270041429313e-08	5.1407051408988513e-08	0.5791749661236025
tabula_muris.ESmuQ2.continuous.190730__Liver.natural_killer_cell	-9.166552229953302e-09	4.252347865024985e-08	0.5853363832771085
tabula_muris.ESmuQ2.continuous.190730__Limb_Muscle.mesenchymal_stem_cell	-6.125360862711267e-09	2.7343025997953347e-08	0.5886287905805835
tabula_muris.ESmuQ2.continuous.190730__Marrow.immature_natural_killer_cell	-1.2260187532424433e-08	4.963647739042315e-08	0.5975457134694203
tabula_muris.ESmuQ2.continuous.190730__Lung.T_cell	-1.1412733446008775e-08	4.2016901864841567e-08	0.6070438287062015
tabula_muris.ESmuQ2.continuous.190730__Mammary_Gland.luminal_epithelial_cell_of_mammary_gland	-8.559922872823058e-09	2.9787858010284452e-08	0.6130827366672188
tabula_muris.ESmuQ2.continuous.190730__Marrow.hematopoietic_precursor_cell	-9.137143006033598e-09	2.8027777178378994e-08	0.6277890054095051
tabula_muris.ESmuQ2.continuous.190730__Lung.lung_endothelial_cell	-1.0350628761935759e-08	3.082724505994177e-08	0.6314749643849348
tabula_muris.ESmuQ2.continuous.190730__Bladder.bladder_cell	-8.714901443595999e-09	2.5857434905718246e-08	0.6319553378116598
tabula_muris.ESmuQ2.continuous.190730__Large_Intestine.epithelial_cell_of_large_intestine	-8.197578655355016e-09	2.3346011506000823e-08	0.6372560932401128
tabula_muris.ESmuQ2.continuous.190730__Mammary_Gland.endothelial_cell	-1.3228419263679986e-08	3.675624645585618e-08	0.640537476500283
tabula_muris.ESmuQ2.continuous.190730__Large_Intestine.enteroendocrine_cell	-1.583864919705306e-08	3.5507414814154326e-08	0.6722252009268258
tabula_muris.ESmuQ2.continuous.190730__Liver.Kupffer_cell	-2.4489365505079492e-08	4.8243564066688914e-08	0.694139832878274
tabula_muris.ESmuQ2.continuous.190730__Marrow.naive_B_cell	-2.1264178584850748e-08	4.1171135483814114e-08	0.6972413352782001
tabula_muris.ESmuQ2.continuous.190730__Marrow.pre-natural_killer_cell	-2.1151101889745624e-08	4.012488006419564e-08	0.70094898164084
tabula_muris.ESmuQ2.continuous.190730__Pancreas.pancreatic_ductal_cell	-2.1399056358881646e-08	3.5140852329463996e-08	0.7287215332739477
tabula_muris.ESmuQ2.continuous.190730__Marrow.Slamf1-negative_multipotent_progenitor_cell	-1.7031362756834627e-08	2.6622965372065037e-08	0.7388241322106741
tabula_muris.ESmuQ2.continuous.190730__Spleen.T_cell	-1.7750952875895783e-08	2.604023366832311e-08	0.7522774762416378
tabula_muris.ESmuQ2.continuous.190730__Heart.endocardial_cell	-1.9544206610260913e-08	2.8545310090275684e-08	0.7532248936170377
tabula_muris.ESmuQ2.continuous.190730__Marrow.granulocytopoietic_cell	-2.9053865094455695e-08	4.0295964980686555e-08	0.7645488638714044
tabula_muris.ESmuQ2.continuous.190730__Fat.endothelial_cell	-2.0405388206427204e-08	2.791016742515741e-08	0.7676438601846787
tabula_muris.ESmuQ2.continuous.190730__Marrow.common_lymphoid_progenitor	-1.0239792736557879e-08	1.3772418451106403e-08	0.7714104808494345
tabula_muris.ESmuQ2.continuous.190730__Lung.ciliated_columnar_cell_of_tracheobronchial_tree	-1.828571587646868e-08	2.3790474260603297e-08	0.7789390572083332
tabula_muris.ESmuQ2.continuous.190730__Limb_Muscle.lymphocyte	-3.458240187184578e-08	4.477585421621934e-08	0.7800449054394484
tabula_muris.ESmuQ2.continuous.190730__Fat.natural_killer_cell	-3.1257170359568234e-08	3.9946076825683035e-08	0.7830349398116413
tabula_muris.ESmuQ2.continuous.190730__Heart.endothelial_cell	-2.2868727576763524e-08	2.7318702846437422e-08	0.7987343033045238
tabula_muris.ESmuQ2.continuous.190730__Lung.B_cell	-2.8964556502011833e-08	3.258876748513035e-08	0.8129419076964504
tabula_muris.ESmuQ2.continuous.190730__Marrow.immature_T_cell	-3.77536153187855e-08	4.193801693199036e-08	0.8159995095747268
tabula_muris.ESmuQ2.continuous.190730__Brain_Non-Myeloid.endothelial_cell	-3.6658964813802024e-08	3.978159625770558e-08	0.8216067476827289
tabula_muris.ESmuQ2.continuous.190730__Trachea.blood_cell	-2.7449460102659504e-08	2.9288568582806925e-08	0.825674030685295
tabula_muris.ESmuQ2.continuous.190730__Skin.stem_cell_of_epidermis	-2.26546111263001e-08	2.3458460832814538e-08	0.8329111135517835
tabula_muris.ESmuQ2.continuous.190730__Marrow.mature_natural_killer_cell	-4.121826781873534e-08	4.2560710258603844e-08	0.8335922013774932
tabula_muris.ESmuQ2.continuous.190730__Limb_Muscle.macrophage	-3.198633230341099e-08	3.2552036050569803e-08	0.8371031343134141
tabula_muris.ESmuQ2.continuous.190730__Trachea.epithelial_cell	-3.4112117818814987e-08	3.248271118235834e-08	0.8531782441839271
tabula_muris.ESmuQ2.continuous.190730__Marrow.macrophage	-3.039987331591582e-08	2.758826013780323e-08	0.8647503371192278
tabula_muris.ESmuQ2.continuous.190730__Skin.basal_cell_of_epidermis	-2.691171541764891e-08	2.3931639048349312e-08	0.869604717274574
tabula_muris.ESmuQ2.continuous.190730__Lung.unknown_cell_type	-4.032784544317555e-08	3.577628615399138e-08	0.870175853469794
tabula_muris.ESmuQ2.continuous.190730__Limb_Muscle.endothelial_cell	-3.236838642702847e-08	2.8106935998373804e-08	0.8752604693539598
tabula_muris.ESmuQ2.continuous.190730__Marrow.immature_NK_T_cell	-4.0368681379350035e-08	3.475666294195827e-08	0.8772737736176772
tabula_muris.ESmuQ2.continuous.190730__Lung.stromal_cell	-2.6036690972191446e-08	2.1853447540547715e-08	0.8832561346039698
tabula_muris.ESmuQ2.continuous.190730__Limb_Muscle.skeletal_muscle_satellite_cell	-2.9765969602406097e-08	2.4961880474837826e-08	0.8834589530599164
tabula_muris.ESmuQ2.continuous.190730__Fat.unknown_cell_type	-3.6745091370914704e-08	3.041459801452536e-08	0.8865032852060508
tabula_muris.ESmuQ2.continuous.190730__Large_Intestine.enterocyte_of_epithelium_of_large_intestine	-2.501916430444808e-08	1.9627842397838218e-08	0.8987882500148175
tabula_muris.ESmuQ2.continuous.190730__Tongue.keratinocyte	-3.267340342109423e-08	2.1518741423070262e-08	0.9355393781609888
tabula_muris.ESmuQ2.continuous.190730__Lung.myeloid_cell	-7.303528438565614e-08	4.449735072073684e-08	0.9496365778120166
tabula_muris.ESmuQ2.continuous.190730__Limb_Muscle.skeletal_muscle_satellite_stem_cell	-4.3180202422238915e-08	2.512097062630911e-08	0.9571828607461093
tabula_muris.ESmuQ2.continuous.190730__Large_Intestine.Brush_cell_of_epithelium_proper_of_large_intestine	-7.034137096208502e-08	2.9762072062109914e-08	0.9909473307837259
tabula_muris.ESmuQ2.continuous.190730__Marrow.Slamf1-positive_multipotent_progenitor_cell	-4.7751880889086834e-08	1.993971944246587e-08	0.9916855571553789
tabula_muris.ESmuQ2.continuous.190730__Skin.epidermal_cell	-5.907710576171877e-08	2.418893056267028e-08	0.9927033949369641
tabula_muris.ESmuQ2.continuous.190730__Bladder.bladder_urothelial_cell	-6.092228975993912e-08	2.305233495519562e-08	0.9958885988253722
