Name	Coefficient	Coefficient_std_error	Coefficient_P_value
Tabula_Muris_Senis.ESmu190820__Kidney.macrophage	7.352682253822012e-09	2.126462091917576e-09	0.00027239705593539083
Tabula_Muris_Senis.ESmu190820__Marrow.erythroid_progenitor	2.791006976625766e-09	1.1724496406141699e-09	0.008644768490615578
Tabula_Muris_Senis.ESmu190820__Pancreas.leukocyte	6.819074964831319e-09	3.0664973550324383e-09	0.01308316724614228
Tabula_Muris_Senis.ESmu190820__Marrow.nan-marrow-needs-subclustering	6.032952930236519e-09	2.782538189803645e-09	0.015073736851617706
Tabula_Muris_Senis.ESmu190820__Liver.neutrophil	9.745945582278326e-09	4.6211526844654905e-09	0.01747290188953278
Tabula_Muris_Senis.ESmu190820__Marrow.megakaryocyte-erythroid_progenitor_cell	5.505298664436706e-09	2.634703903386502e-09	0.018329920900350148
Tabula_Muris_Senis.ESmu190820__Marrow.naive_B_cell	7.94234711920063e-09	4.020149613291756e-09	0.02409808217810146
Tabula_Muris_Senis.ESmu190820__Spleen.proerythroblast	7.80833515797644e-09	4.024160060809901e-09	0.026167736554859412
Tabula_Muris_Senis.ESmu190820__Spleen.B_cell	4.83146526713322e-09	2.5381021055752147e-09	0.028482841525337137
Tabula_Muris_Senis.ESmu190820__Trachea.macrophage	7.838090901175192e-09	4.250689852979768e-09	0.0325946762430941
Tabula_Muris_Senis.ESmu190820__Marrow.precursor_B_cell	5.943424246288097e-09	3.3893287764951496e-09	0.03975213334207732
Tabula_Muris_Senis.ESmu190820__Lung.B_cell	7.0028124653105305e-09	4.069463914467366e-09	0.042641800158751055
Tabula_Muris_Senis.ESmu190820__Marrow.MPP_Fraction_C	2.9619458742689667e-09	1.7538798340743524e-09	0.04562923111641873
Tabula_Muris_Senis.ESmu190820__Brain_Myeloid.macrophage	1.7112132165530918e-08	1.0202429015363365e-08	0.046745767193263704
Tabula_Muris_Senis.ESmu190820__Marrow.NK_cell	2.024719131945364e-09	1.245210980392848e-09	0.051974308517783493
Tabula_Muris_Senis.ESmu190820__Trachea.granulocyte	3.8584449692878e-09	2.4202375301704102e-09	0.05544089138753643
Tabula_Muris_Senis.ESmu190820__Thymus.professional_antigen_presenting_cell	8.62507651204983e-09	5.414690669727587e-09	0.055590986955626476
Tabula_Muris_Senis.ESmu190820__Fat.myeloid_cell	5.8933474346635455e-09	3.72279092734451e-09	0.05670554677661115
Tabula_Muris_Senis.ESmu190820__Lung.monocyte	1.4145738302641332e-08	9.124800760206515e-09	0.0605405522122998
Tabula_Muris_Senis.ESmu190820__Liver.myeloid_leukocyte	2.18210835540451e-08	1.4340465827900482e-08	0.06404915517126204
Tabula_Muris_Senis.ESmu190820__Liver.Kupffer_cell	6.825831877498801e-09	4.530508549542271e-09	0.06595186207815484
Tabula_Muris_Senis.ESmu190820__Limb_Muscle.macrophage	1.2188998220480577e-08	8.414276021786464e-09	0.07372336588131372
Tabula_Muris_Senis.ESmu190820__Marrow.granulocyte	2.0855403671982508e-09	1.4501097469932134e-09	0.07518938830812434
Tabula_Muris_Senis.ESmu190820__Brain_Non-Myeloid.macrophage	2.412641915023614e-09	1.7553863416927744e-09	0.08465532778446982
Tabula_Muris_Senis.ESmu190820__Large_Intestine.enterocyte_of_epithelium_of_large_intestine	3.4360767243130345e-09	2.5387211693246572e-09	0.08795315480806976
Tabula_Muris_Senis.ESmu190820__Marrow.nan	2.7910849150132443e-09	2.1221869349293887e-09	0.09422256207450119
Tabula_Muris_Senis.ESmu190820__Fat.B_cell	7.075052553394312e-09	5.399652232433112e-09	0.0950506835580408
Tabula_Muris_Senis.ESmu190820__Thymus.nan	3.3356633271479786e-09	2.5553208270181326e-09	0.0958818340893951
Tabula_Muris_Senis.ESmu190820__Heart.leukocyte	3.3098352315847915e-09	2.5520876632371824e-09	0.09733059089740898
Tabula_Muris_Senis.ESmu190820__Large_Intestine.Brush_cell_of_epithelium_proper_of_large_intestine	2.6090758479733618e-09	2.0421295089237528e-09	0.10069082907542043
Tabula_Muris_Senis.ESmu190820__Brain_Non-Myeloid.neuronal_stem_cell	2.159044726770196e-09	1.731755341517313e-09	0.10624683942556934
Tabula_Muris_Senis.ESmu190820__Limb_Muscle.B_cell	3.762522452509267e-09	3.0239154180178406e-09	0.10670282868169773
Tabula_Muris_Senis.ESmu190820__Lung.lymphocyte	4.537549635098625e-09	3.703017379560744e-09	0.11021877529031504
Tabula_Muris_Senis.ESmu190820__Lung.stromal_cell	2.727583738254699e-09	2.2353430722456242e-09	0.111192997233171
Tabula_Muris_Senis.ESmu190820__Lung.granulocyte	4.627835559221852e-09	3.804401508444652e-09	0.11190820734660323
Tabula_Muris_Senis.ESmu190820__Liver.hepatocyte	2.7119722939771677e-09	2.2831114717884014e-09	0.11744812559308637
Tabula_Muris_Senis.ESmu190820__Marrow.Marrow_Cd4_T_cell	1.4735471035471451e-09	1.2430122509307659e-09	0.11791688843936415
Tabula_Muris_Senis.ESmu190820__Pancreas.pancreatic_ductal_cell	7.626344230991237e-09	6.446885496257763e-09	0.11841445021626307
Tabula_Muris_Senis.ESmu190820__Marrow.MPP_Fraction_B	1.0437408028098949e-08	8.913090665841966e-09	0.12079535560782229
Tabula_Muris_Senis.ESmu190820__Liver.B_cell	1.506875844515333e-08	1.2931245232553176e-08	0.12194912789303441
Tabula_Muris_Senis.ESmu190820__Trachea.ciliated_columnar_cell_of_tracheobronchial_tree	1.5098559832808658e-09	1.3306766217097718e-09	0.12826040600434563
Tabula_Muris_Senis.ESmu190820__Liver.T_cell	7.295278463811776e-09	6.625246439679585e-09	0.1354193561773771
Tabula_Muris_Senis.ESmu190820__Lung.endothelial_cell	2.6158476516310772e-09	2.3962472099376563e-09	0.13749491771958366
Tabula_Muris_Senis.ESmu190820__Large_Intestine.epithelial_cell_of_large_intestine	4.895702375300315e-09	4.687086772150292e-09	0.14812507451653278
Tabula_Muris_Senis.ESmu190820__Liver.NK_cell	4.948774898204558e-09	4.8644703399712845e-09	0.15449807418191164
Tabula_Muris_Senis.ESmu190820__Bladder.bladder_urothelial_cell	2.026759500323827e-09	2.019108592973659e-09	0.15774010350388817
Tabula_Muris_Senis.ESmu190820__Thymus.epithelial_cell_of_thymus	5.8727723189810894e-09	6.102999076590436e-09	0.16795537633576962
Tabula_Muris_Senis.ESmu190820__Large_Intestine.large_intestine_goblet_cell	3.0508882529683317e-09	3.240385569852403e-09	0.17321918840431094
Tabula_Muris_Senis.ESmu190820__Brain_Myeloid.microglial_cell	1.5791072719895081e-09	1.6919788887699061e-09	0.1753350834694855
Tabula_Muris_Senis.ESmu190820__Kidney.kidney_loop_of_Henle_ascending_limb_epithelial_cell	3.1991935254514275e-09	3.467524820542556e-09	0.1781037039346134
Tabula_Muris_Senis.ESmu190820__Thymus.endothelial_cell	4.78068293373107e-09	5.185391337120978e-09	0.17827675548190192
Tabula_Muris_Senis.ESmu190820__Pancreas.pancreatic_A_cell	2.4856371008594138e-09	2.8090452501122584e-09	0.18811364089763954
Tabula_Muris_Senis.ESmu190820__Pancreas.endothelial_cell	6.055773402611375e-09	6.866968787141637e-09	0.18892357022062423
Tabula_Muris_Senis.ESmu190820__Large_Intestine.intestinal_crypt_stem_cell	1.5675644372102881e-09	1.863951995247272e-09	0.20017685114640116
Tabula_Muris_Senis.ESmu190820__Large_Intestine.secretory_cell	2.168291896630241e-09	2.589450830873744e-09	0.20119627698599196
Tabula_Muris_Senis.ESmu190820__Marrow.HSC_enriched_fraction	1.908243401343591e-09	2.3181633303989644e-09	0.20520555371271
Tabula_Muris_Senis.ESmu190820__Limb_Muscle.endothelial_cell	4.185345667300521e-09	5.213528352456953e-09	0.21104932329940662
Tabula_Muris_Senis.ESmu190820__Kidney.fenestrated_cell	5.521567069595069e-09	6.990289922452117e-09	0.2147957150964988
Tabula_Muris_Senis.ESmu190820__Spleen.NK_cell	2.6803050698306228e-09	3.403618956948358e-09	0.21549847035625908
Tabula_Muris_Senis.ESmu190820__Skin.keratinocyte_stem_cell	3.912999531403028e-09	4.991764869690662e-09	0.21655203699538927
Tabula_Muris_Senis.ESmu190820__Brain_Non-Myeloid.endothelial_cell	3.859380950169347e-09	4.9282716721407564e-09	0.2167811333186659
Tabula_Muris_Senis.ESmu190820__Trachea.mucus_secreting_cell	6.252127503486202e-09	8.089014220920868e-09	0.21978608451601683
Tabula_Muris_Senis.ESmu190820__Skin.epidermal_cell	4.128346513629941e-09	5.509635676273975e-09	0.22683948893351819
Tabula_Muris_Senis.ESmu190820__Trachea.endothelial_cell	2.9773785941765925e-09	3.9856817311858725e-09	0.22752615101113188
Tabula_Muris_Senis.ESmu190820__Large_Intestine.enteroendocrine_cell	1.9102214802936227e-09	2.687794671566489e-09	0.23863441025603055
Tabula_Muris_Senis.ESmu190820__Heart.endothelial_cell_of_coronary_artery	3.929370563518732e-09	5.584962022031341e-09	0.24085259560699668
Tabula_Muris_Senis.ESmu190820__Pancreas.pancreatic_PP_cell	1.2332896093808254e-09	1.7544110401597764e-09	0.24103877145296004
Tabula_Muris_Senis.ESmu190820__Liver.endothelial_cell_of_hepatic_sinusoid	2.158391585198272e-09	3.1824799286793138e-09	0.2488190899603781
Tabula_Muris_Senis.ESmu190820__Heart.atrial_myocyte	1.2800888186380639e-09	1.971624446763835e-09	0.25808649035075987
Tabula_Muris_Senis.ESmu190820__Limb_Muscle.skeletal_muscle_satellite_cell	3.6425908652894234e-09	5.6472074589939604e-09	0.25945544227852363
Tabula_Muris_Senis.ESmu190820__Brain_Non-Myeloid.brain_pericyte	1.965518687970896e-09	3.0696908473322195e-09	0.26098925215313246
Tabula_Muris_Senis.ESmu190820__Trachea.fibroblast	1.0532328678614454e-09	1.6618283794904884e-09	0.26311234549329077
Tabula_Muris_Senis.ESmu190820__Trachea.basal_epithelial_cell_of_tracheobronchial_tree	4.189626080967211e-09	6.7356325424117985e-09	0.2669678764909553
Tabula_Muris_Senis.ESmu190820__Skin.basal_cell_of_epidermis	2.366664374120783e-09	3.807006307118731e-09	0.2670826574751257
Tabula_Muris_Senis.ESmu190820__Tongue.keratinocyte	1.8573068351547055e-09	3.174568518190956e-09	0.27925434569784724
Tabula_Muris_Senis.ESmu190820__Brain_Non-Myeloid.nan	2.8957398226755664e-09	5.219728268867856e-09	0.28952657328683923
Tabula_Muris_Senis.ESmu190820__Fat.endothelial_cell	2.9081663272349154e-09	5.365468972597847e-09	0.29390397958866177
Tabula_Muris_Senis.ESmu190820__Pancreas.pancreatic_B_cell	4.2722794776494165e-10	8.443518416829256e-10	0.30643417975142007
Tabula_Muris_Senis.ESmu190820__Limb_Muscle.mesenchymal_stem_cell	5.257699823808634e-10	1.138786920992878e-09	0.3221507355861554
Tabula_Muris_Senis.ESmu190820__Brain_Non-Myeloid.oligodendrocyte	4.3963496055490825e-10	9.628108093238528e-10	0.32397348613994587
Tabula_Muris_Senis.ESmu190820__Kidney.kidney_collecting_duct_principal_cell	1.5939476675866485e-09	3.5027729994442244e-09	0.3245355234914598
Tabula_Muris_Senis.ESmu190820__Spleen.granulocyte	1.3846060065959223e-09	3.061646978468925e-09	0.32554725021914044
Tabula_Muris_Senis.ESmu190820__Trachea.chondrocyte	5.286660758052508e-10	1.260111414878209e-09	0.33741107330561126
Tabula_Muris_Senis.ESmu190820__Tongue.basal_cell_of_epidermis	8.738320017304962e-10	2.318442436344466e-09	0.3531221900756475
Tabula_Muris_Senis.ESmu190820__Heart.ventricular_myocyte	5.949520377191171e-10	1.6401160437039827e-09	0.35839583574266554
Tabula_Muris_Senis.ESmu190820__Marrow.basophil	5.279650664123405e-10	1.5166992409575e-09	0.363882032013622
Tabula_Muris_Senis.ESmu190820__Marrow.MPP_Fraction_A	4.724162461704103e-10	1.4882684802053709e-09	0.3754599012408753
Tabula_Muris_Senis.ESmu190820__Kidney.epithelial_cell_of_proximal_tubule	3.8032344651312383e-10	1.526193020604177e-09	0.40160401639331017
Tabula_Muris_Senis.ESmu190820__Trachea.smooth_muscle_cell_of_trachea	2.962126620078946e-10	1.5109408137358997e-09	0.4222874022334067
Tabula_Muris_Senis.ESmu190820__Heart.endocardial_cell	3.264550184355912e-10	2.5279529915547795e-09	0.4486241918277621
Tabula_Muris_Senis.ESmu190820__Heart.valve_cell	-2.194853285616168e-11	1.8448079129579583e-09	0.5047462888245727
Tabula_Muris_Senis.ESmu190820__Pancreas.pancreatic_D_cell	-1.5771279808632676e-11	8.22899772502885e-10	0.5076454574194446
Tabula_Muris_Senis.ESmu190820__Lung.nan	-5.1989979019455204e-11	2.4973745071332448e-09	0.5083045224867601
Tabula_Muris_Senis.ESmu190820__Heart.smooth_muscle_cell	-3.8225970507350156e-11	1.5233565069278692e-09	0.5100097091629586
Tabula_Muris_Senis.ESmu190820__Lung.glial_cell	-2.6647538271385137e-10	2.3672348881298124e-09	0.544813553330066
Tabula_Muris_Senis.ESmu190820__Fat.epithelial_cell	-2.457504480840146e-10	8.116637397457541e-10	0.6189688429951243
Tabula_Muris_Senis.ESmu190820__Brain_Non-Myeloid.Bergmann_glial_cell	-3.87642601366228e-10	1.2363077076700053e-09	0.6230680638643001
Tabula_Muris_Senis.ESmu190820__Kidney.B_cell	-7.158155344037766e-10	1.8151820168309539e-09	0.6533383696385572
Tabula_Muris_Senis.ESmu190820__Lung.epithelial_cell	-4.215811436572599e-10	1.0534202487191352e-09	0.6554962177108259
Tabula_Muris_Senis.ESmu190820__Kidney.kidney_collecting_duct_epithelial_cell	-6.747914332509402e-10	1.5796925932695882e-09	0.6653708957756538
Tabula_Muris_Senis.ESmu190820__Brain_Non-Myeloid.ependymal_cell	-5.677326309864572e-10	1.2486543364097213e-09	0.6753286730925085
Tabula_Muris_Senis.ESmu190820__Lung.macrophage	-1.5241264670623871e-09	3.3430223483925335e-09	0.6757736348207481
Tabula_Muris_Senis.ESmu190820__Thymus.DN4_thymocyte	-6.418349148773215e-10	1.3735237347648915e-09	0.6798540577050965
Tabula_Muris_Senis.ESmu190820__Thymus.thymocyte	-9.207101777389976e-10	1.9497143298898294e-09	0.6816180597131778
Tabula_Muris_Senis.ESmu190820__Kidney.Kidney-new-24m-cluster	-1.0358382911845928e-09	1.981611084887683e-09	0.6994172927096685
Tabula_Muris_Senis.ESmu190820__Fat.NK_cell	-1.6742382886486551e-09	3.1647598605906644e-09	0.7016060781727661
Tabula_Muris_Senis.ESmu190820__Brain_Non-Myeloid.medium_spiny_neuron	-5.532514018478859e-10	9.124993836853133e-10	0.7278433213512314
Tabula_Muris_Senis.ESmu190820__Marrow.early_pro-B_cell	-7.77887631021876e-10	1.127142496017322e-09	0.7549473454964538
Tabula_Muris_Senis.ESmu190820__Brain_Non-Myeloid.astrocyte	-6.815651823584607e-10	9.210970677437569e-10	0.7703346377886848
Tabula_Muris_Senis.ESmu190820__Pancreas.pancreatic_acinar_cell	-9.028450732188632e-10	1.1973700337561048e-09	0.7745824268807273
Tabula_Muris_Senis.ESmu190820__Marrow.Cd4+_macrophage	-2.1580028546891792e-09	2.749654433601866e-09	0.7837224765266809
Tabula_Muris_Senis.ESmu190820__Marrow.granulocytopoietic_cell	-2.141673000535442e-09	2.5494969054922917e-09	0.799556318783821
Tabula_Muris_Senis.ESmu190820__Brain_Non-Myeloid.Il6_expressing_cells	-1.1201041793206522e-09	1.2632145294927358e-09	0.8123823080262658
Tabula_Muris_Senis.ESmu190820__Brain_Non-Myeloid.oligodendrocyte_precursor_cell	-8.855000329561366e-10	9.940839506168895e-10	0.8134736792483834
Tabula_Muris_Senis.ESmu190820__Marrow.late_pro-B_cell	-2.475185650171738e-09	2.6353306120488638e-09	0.8261940625952333
Tabula_Muris_Senis.ESmu190820__Brain_Non-Myeloid.neuron	-1.4589658741411821e-09	1.4774837579738332e-09	0.838293027408648
Tabula_Muris_Senis.ESmu190820__Kidney.mesangial_cell	-1.636717487428249e-09	1.6102145085243102e-09	0.8452946366607963
Tabula_Muris_Senis.ESmu190820__Marrow.immature_B_cell	-1.8007438450914932e-09	1.6901655126777317e-09	0.8566580758761211
Tabula_Muris_Senis.ESmu190820__Bladder.bladder_cell	-1.1420196674004831e-09	1.0417348330132387e-09	0.8635190576886533
Tabula_Muris_Senis.ESmu190820__Pancreas.pancreatic_stellate_cell	-2.2587293742691056e-09	1.881203396590085e-09	0.8850629495214302
Tabula_Muris_Senis.ESmu190820__Limb_Muscle.T_cell	-2.4053336102870385e-09	1.970564042580588e-09	0.8888873155182285
Tabula_Muris_Senis.ESmu190820__Lung.myeloid_cell	-1.3245280077973874e-09	1.0590799142466644e-09	0.8944671273531675
Tabula_Muris_Senis.ESmu190820__Fat.T_cell	-2.9653186669489004e-09	2.350042834382421e-09	0.8964922699047484
Tabula_Muris_Senis.ESmu190820__Trachea.T_cell	-3.0556237600995434e-09	2.3258799980492705e-09	0.9055347469375614
Tabula_Muris_Senis.ESmu190820__Heart.fibroblast_of_cardiac_tissue	-1.4726848039729398e-09	1.08868243583585e-09	0.9119277882113346
Tabula_Muris_Senis.ESmu190820__Spleen.T_cell	-3.5562340692811325e-09	2.298456051873553e-09	0.9390957836050922
Tabula_Muris_Senis.ESmu190820__Fat.mesenchymal_stem_cell_of_adipose	-1.950558827936962e-09	1.214086408255579e-09	0.9459296161739341
Tabula_Muris_Senis.ESmu190820__Brain_Non-Myeloid.interneuron	-2.123489162103744e-09	1.225270850911109e-09	0.958459039422157
Tabula_Muris_Senis.ESmu190820__Kidney.T_cell	-4.216373937004977e-09	2.221989503742938e-09	0.9711234269211962
Tabula_Muris_Senis.ESmu190820__Lung.T_cell	-5.5530072544625575e-09	2.336478861386406e-09	0.9912648214391463
