Name	Coefficient	Coefficient_std_error	Coefficient_P_value
Tabula_Muris_Senis.ESmu190820__Brain_Non-Myeloid.neuron	4.467050038647787e-09	1.2045658614449949e-09	0.0001042735108697397
Tabula_Muris_Senis.ESmu190820__Brain_Non-Myeloid.medium_spiny_neuron	3.2004529711272253e-09	1.1356572861800695e-09	0.002415059369920234
Tabula_Muris_Senis.ESmu190820__Brain_Non-Myeloid.oligodendrocyte_precursor_cell	4.218843098923793e-09	1.765165050269969e-09	0.0084229048579251
Tabula_Muris_Senis.ESmu190820__Brain_Non-Myeloid.interneuron	3.200066457576099e-09	1.5658827237297637e-09	0.02049563916994249
Tabula_Muris_Senis.ESmu190820__Brain_Non-Myeloid.ependymal_cell	2.6730026042057024e-09	1.419659499069818e-09	0.02986050618895031
Tabula_Muris_Senis.ESmu190820__Heart.leukocyte	1.954043985636213e-09	1.2179500079581309e-09	0.05431612134815049
Tabula_Muris_Senis.ESmu190820__Thymus.epithelial_cell_of_thymus	2.1329245152467915e-09	1.4199506041400818e-09	0.06653412284106307
Tabula_Muris_Senis.ESmu190820__Pancreas.pancreatic_PP_cell	2.1331124095448783e-09	1.4735769351898223e-09	0.07386804214968425
Tabula_Muris_Senis.ESmu190820__Brain_Non-Myeloid.Bergmann_glial_cell	2.1628509050829476e-09	1.596319498548457e-09	0.0877249477236336
Tabula_Muris_Senis.ESmu190820__Brain_Non-Myeloid.nan	2.5193058864227757e-09	1.909580966910997e-09	0.09353479370647155
Tabula_Muris_Senis.ESmu190820__Lung.glial_cell	7.034145938700051e-09	5.503073067180238e-09	0.10058568060183803
Tabula_Muris_Senis.ESmu190820__Marrow.Cd4+_macrophage	1.6973026820286982e-09	1.3301961405725661e-09	0.1009814260375041
Tabula_Muris_Senis.ESmu190820__Heart.endothelial_cell_of_coronary_artery	1.5295568236814855e-09	1.2354682167593403e-09	0.10785095198298988
Tabula_Muris_Senis.ESmu190820__Brain_Non-Myeloid.astrocyte	2.9097885039064056e-09	2.4390725147635464e-09	0.11643669414325625
Tabula_Muris_Senis.ESmu190820__Marrow.early_pro-B_cell	1.4474922043254333e-09	1.3114174212807764e-09	0.13484828100407126
Tabula_Muris_Senis.ESmu190820__Marrow.MPP_Fraction_C	1.9934197028976185e-09	1.8071490352313743e-09	0.13499744471006353
Tabula_Muris_Senis.ESmu190820__Brain_Non-Myeloid.oligodendrocyte	1.9862509886474678e-09	1.8533352102551754e-09	0.14192356476972506
Tabula_Muris_Senis.ESmu190820__Liver.endothelial_cell_of_hepatic_sinusoid	1.428544718295428e-09	1.340070267511061e-09	0.14320679257045354
Tabula_Muris_Senis.ESmu190820__Pancreas.pancreatic_B_cell	1.0497049383758227e-09	1.0030551400512022e-09	0.14766334339041265
Tabula_Muris_Senis.ESmu190820__Heart.endocardial_cell	9.678068742405392e-10	1.3173907400149857e-09	0.2312796300474811
Tabula_Muris_Senis.ESmu190820__Kidney.mesangial_cell	1.3818848572810928e-09	1.899630048516655e-09	0.23347533183554908
Tabula_Muris_Senis.ESmu190820__Brain_Non-Myeloid.neuronal_stem_cell	1.743029629405265e-09	2.4818137750916563e-09	0.24123953797041098
Tabula_Muris_Senis.ESmu190820__Thymus.endothelial_cell	1.1586913931576744e-09	1.657452765596269e-09	0.24225114768520323
Tabula_Muris_Senis.ESmu190820__Heart.smooth_muscle_cell	9.596128483023297e-10	1.4333937131316729e-09	0.2515981317831965
Tabula_Muris_Senis.ESmu190820__Marrow.HSC_enriched_fraction	7.529506141615478e-10	1.1667254008874345e-09	0.2593489835614358
Tabula_Muris_Senis.ESmu190820__Pancreas.leukocyte	2.220599032315872e-09	3.7088166640825433e-09	0.27467474500441014
Tabula_Muris_Senis.ESmu190820__Fat.endothelial_cell	9.068060640927098e-10	1.5146354664902563e-09	0.27468784141616875
Tabula_Muris_Senis.ESmu190820__Lung.B_cell	1.073216248726951e-09	1.8957835147604095e-09	0.2856605349754407
Tabula_Muris_Senis.ESmu190820__Heart.ventricular_myocyte	6.559342278270034e-10	1.160180582445283e-09	0.2859102034380124
Tabula_Muris_Senis.ESmu190820__Trachea.endothelial_cell	9.326087081332996e-10	1.6858260157408905e-09	0.29006125230227087
Tabula_Muris_Senis.ESmu190820__Pancreas.pancreatic_A_cell	6.517315809727879e-10	1.2255879933296555e-09	0.29744246682056696
Tabula_Muris_Senis.ESmu190820__Kidney.B_cell	1.0514281019152904e-09	2.0136778148089427e-09	0.3007853281524735
Tabula_Muris_Senis.ESmu190820__Tongue.basal_cell_of_epidermis	5.270557552924779e-10	1.1132826552477803e-09	0.31795502614307736
Tabula_Muris_Senis.ESmu190820__Spleen.B_cell	5.731392602918563e-10	1.382304629942648e-09	0.3392079033491118
Tabula_Muris_Senis.ESmu190820__Pancreas.pancreatic_D_cell	5.912884861225397e-10	1.4481201559390453e-09	0.3415213903526214
Tabula_Muris_Senis.ESmu190820__Marrow.late_pro-B_cell	5.850549595959666e-10	1.4409141946761318e-09	0.34236013374557805
Tabula_Muris_Senis.ESmu190820__Marrow.MPP_Fraction_B	6.649779573130389e-10	1.7524161830261304e-09	0.35217185636066484
Tabula_Muris_Senis.ESmu190820__Spleen.proerythroblast	7.232683232016895e-10	1.9385198560393648e-09	0.3545357491354987
Tabula_Muris_Senis.ESmu190820__Marrow.erythroid_progenitor	5.118140585625988e-10	1.3935793287844264e-09	0.3567103725312242
Tabula_Muris_Senis.ESmu190820__Thymus.professional_antigen_presenting_cell	5.166007092649821e-10	1.5335356257995758e-09	0.36810780389740094
Tabula_Muris_Senis.ESmu190820__Skin.keratinocyte_stem_cell	3.739011757784331e-10	1.1995857644349447e-09	0.37763733913216246
Tabula_Muris_Senis.ESmu190820__Brain_Non-Myeloid.Il6_expressing_cells	7.568811196234594e-10	2.533008376013817e-09	0.3825435816246867
Tabula_Muris_Senis.ESmu190820__Fat.B_cell	3.4706436434031844e-10	1.5583384287314656e-09	0.4118789075671865
Tabula_Muris_Senis.ESmu190820__Pancreas.pancreatic_stellate_cell	3.434867261026302e-10	1.7383324851732626e-09	0.42168076678755967
Tabula_Muris_Senis.ESmu190820__Pancreas.pancreatic_acinar_cell	2.6127302314243395e-10	1.3734621666242884e-09	0.42456464720933196
Tabula_Muris_Senis.ESmu190820__Large_Intestine.enteroendocrine_cell	2.3710899162228835e-10	1.367008841207419e-09	0.4311484871059773
Tabula_Muris_Senis.ESmu190820__Thymus.thymocyte	1.9430703636600405e-10	1.2385161217475188e-09	0.4376669662377602
Tabula_Muris_Senis.ESmu190820__Kidney.fenestrated_cell	2.184126056314324e-10	1.5004651881202748e-09	0.44213308627967735
Tabula_Muris_Senis.ESmu190820__Kidney.T_cell	2.940322484100529e-10	2.2113869833277554e-09	0.44711139253073245
Tabula_Muris_Senis.ESmu190820__Brain_Non-Myeloid.brain_pericyte	1.5057176965959957e-10	1.4482445675639118e-09	0.4585971857216213
Tabula_Muris_Senis.ESmu190820__Limb_Muscle.skeletal_muscle_satellite_cell	5.365147628219346e-11	1.4977922793632189e-09	0.4857127945828319
Tabula_Muris_Senis.ESmu190820__Spleen.NK_cell	4.152486390218641e-11	1.739870918101367e-09	0.4904794941120233
Tabula_Muris_Senis.ESmu190820__Pancreas.endothelial_cell	-2.4771565167893806e-11	1.62029449902081e-09	0.5060989158099338
Tabula_Muris_Senis.ESmu190820__Liver.B_cell	-3.041828750272007e-10	1.8722134964987686e-09	0.5645330389470574
Tabula_Muris_Senis.ESmu190820__Liver.neutrophil	-3.39264456830915e-10	1.8144452864590003e-09	0.5741617299977857
Tabula_Muris_Senis.ESmu190820__Spleen.granulocyte	-3.535550654144438e-10	1.8798124525573764e-09	0.5745930178537958
Tabula_Muris_Senis.ESmu190820__Lung.nan	-6.262832899183255e-10	2.033942378628899e-09	0.6209268537943576
Tabula_Muris_Senis.ESmu190820__Trachea.basal_epithelial_cell_of_tracheobronchial_tree	-7.614398362724675e-10	1.9166939966392007e-09	0.6544148183860256
Tabula_Muris_Senis.ESmu190820__Marrow.naive_B_cell	-5.126435192168231e-10	1.260362661868131e-09	0.6579015726727984
Tabula_Muris_Senis.ESmu190820__Lung.macrophage	-7.371952436311812e-10	1.8075523375769e-09	0.6583050567874
Tabula_Muris_Senis.ESmu190820__Tongue.keratinocyte	-4.4233587641606975e-10	1.0468401816872338e-09	0.6636859479097135
Tabula_Muris_Senis.ESmu190820__Brain_Non-Myeloid.endothelial_cell	-5.096507101894658e-10	1.1661482580569865e-09	0.6689579831499476
Tabula_Muris_Senis.ESmu190820__Fat.epithelial_cell	-6.215348640630779e-10	1.195040044498035e-09	0.6985014677588038
Tabula_Muris_Senis.ESmu190820__Heart.atrial_myocyte	-6.497585096987683e-10	1.2227199248944642e-09	0.7024306459158829
Tabula_Muris_Senis.ESmu190820__Skin.basal_cell_of_epidermis	-5.939861611503319e-10	1.1146952657509828e-09	0.7029377459130004
Tabula_Muris_Senis.ESmu190820__Liver.Kupffer_cell	-6.507939835895649e-10	1.1842116812298807e-09	0.7086889976181596
Tabula_Muris_Senis.ESmu190820__Limb_Muscle.T_cell	-9.786452056139167e-10	1.7507883606309165e-09	0.7119102740291179
Tabula_Muris_Senis.ESmu190820__Trachea.ciliated_columnar_cell_of_tracheobronchial_tree	-7.507686052546566e-10	1.2414502058897943e-09	0.7273278662306987
Tabula_Muris_Senis.ESmu190820__Liver.NK_cell	-1.1101313442192297e-09	1.7828256791533049e-09	0.733252853299019
Tabula_Muris_Senis.ESmu190820__Marrow.megakaryocyte-erythroid_progenitor_cell	-1.3260433603625743e-09	2.055380635977406e-09	0.7405873001537394
Tabula_Muris_Senis.ESmu190820__Liver.T_cell	-1.364243525616331e-09	1.9783707271644495e-09	0.7547706096152407
Tabula_Muris_Senis.ESmu190820__Marrow.Marrow_Cd4_T_cell	-8.879154212643509e-10	1.2127923294932643e-09	0.7679538209773573
Tabula_Muris_Senis.ESmu190820__Marrow.nan-marrow-needs-subclustering	-8.443327708778033e-10	1.1383809234534339e-09	0.7708642795582077
Tabula_Muris_Senis.ESmu190820__Trachea.granulocyte	-1.6304473018514548e-09	2.139259691234749e-09	0.7770162265083264
Tabula_Muris_Senis.ESmu190820__Lung.epithelial_cell	-9.471773185282251e-10	1.2001300159832318e-09	0.7850108895169541
Tabula_Muris_Senis.ESmu190820__Fat.myeloid_cell	-8.340950380065648e-10	1.0556779180152401e-09	0.7852663978700838
Tabula_Muris_Senis.ESmu190820__Bladder.bladder_urothelial_cell	-1.0897949369385199e-09	1.3545887688427208e-09	0.7894518898084228
Tabula_Muris_Senis.ESmu190820__Fat.NK_cell	-1.595496332741033e-09	1.915789320327123e-09	0.7975252055205868
Tabula_Muris_Senis.ESmu190820__Marrow.MPP_Fraction_A	-1.0562421730460037e-09	1.2145062643599014e-09	0.8077646801196193
Tabula_Muris_Senis.ESmu190820__Brain_Non-Myeloid.macrophage	-1.3909438835091916e-09	1.5984043581731377e-09	0.8079065632949514
Tabula_Muris_Senis.ESmu190820__Kidney.kidney_collecting_duct_epithelial_cell	-1.3354889569958788e-09	1.4564614113140776e-09	0.8204131804418384
Tabula_Muris_Senis.ESmu190820__Kidney.Kidney-new-24m-cluster	-1.0933716255276782e-09	1.182311923947744e-09	0.8224583268221218
Tabula_Muris_Senis.ESmu190820__Skin.epidermal_cell	-1.1366434782906576e-09	1.2173751665946883e-09	0.8247664894540079
Tabula_Muris_Senis.ESmu190820__Trachea.smooth_muscle_cell_of_trachea	-1.4628879147016124e-09	1.5426463369975057e-09	0.8285110296120781
Tabula_Muris_Senis.ESmu190820__Marrow.basophil	-1.7960364089868231e-09	1.857509267716252e-09	0.8332044263752975
Tabula_Muris_Senis.ESmu190820__Liver.myeloid_leukocyte	-1.4985085792292158e-09	1.5426443439553606e-09	0.8343228322641152
Tabula_Muris_Senis.ESmu190820__Limb_Muscle.B_cell	-2.1472816551720975e-09	2.2061300904615787e-09	0.8348041089973324
Tabula_Muris_Senis.ESmu190820__Thymus.DN4_thymocyte	-1.4106948927922206e-09	1.4458580745074849e-09	0.835388481698425
Tabula_Muris_Senis.ESmu190820__Trachea.T_cell	-1.4995135283010671e-09	1.5286511088797374e-09	0.8366885943134064
Tabula_Muris_Senis.ESmu190820__Heart.valve_cell	-1.405430110132679e-09	1.4083807375866495e-09	0.8408372743744772
Tabula_Muris_Senis.ESmu190820__Large_Intestine.Brush_cell_of_epithelium_proper_of_large_intestine	-1.4391936463433722e-09	1.3930468671008484e-09	0.849227650339325
Tabula_Muris_Senis.ESmu190820__Heart.fibroblast_of_cardiac_tissue	-1.3338267233790574e-09	1.250053685194457e-09	0.8570175934498004
Tabula_Muris_Senis.ESmu190820__Lung.lymphocyte	-1.271605541131552e-09	1.1711603835900517e-09	0.861208623515817
Tabula_Muris_Senis.ESmu190820__Spleen.T_cell	-1.5993793688608391e-09	1.449833797295516e-09	0.8650182683010286
Tabula_Muris_Senis.ESmu190820__Lung.T_cell	-2.1566865551277378e-09	1.9033532721419204e-09	0.8714135342595771
Tabula_Muris_Senis.ESmu190820__Lung.endothelial_cell	-1.3510137973525907e-09	1.1557496490929261e-09	0.8787881542839147
Tabula_Muris_Senis.ESmu190820__Liver.hepatocyte	-1.305366382550208e-09	1.0103801027084342e-09	0.9018137652528544
Tabula_Muris_Senis.ESmu190820__Trachea.chondrocyte	-2.1029846269873043e-09	1.5094484366687066e-09	0.9182224495390234
Tabula_Muris_Senis.ESmu190820__Brain_Myeloid.microglial_cell	-1.4815821063209701e-09	1.0491449897155333e-09	0.9210515911028377
Tabula_Muris_Senis.ESmu190820__Kidney.macrophage	-2.5801930188375926e-09	1.818322463724118e-09	0.9220499662916621
Tabula_Muris_Senis.ESmu190820__Large_Intestine.secretory_cell	-1.355680098628071e-09	9.4673358640313e-10	0.9239216810090438
Tabula_Muris_Senis.ESmu190820__Marrow.immature_B_cell	-2.715688849362686e-09	1.8859252089020016e-09	0.9250630411935561
Tabula_Muris_Senis.ESmu190820__Thymus.nan	-2.497987951077549e-09	1.5736501275631623e-09	0.9437872155374784
Tabula_Muris_Senis.ESmu190820__Fat.mesenchymal_stem_cell_of_adipose	-1.7758866569702421e-09	1.112031654610488e-09	0.9448643504946803
Tabula_Muris_Senis.ESmu190820__Brain_Myeloid.macrophage	-2.4151145830200803e-09	1.4922170817433562e-09	0.9472197596228833
Tabula_Muris_Senis.ESmu190820__Large_Intestine.intestinal_crypt_stem_cell	-1.583084983232139e-09	9.374620141966213e-10	0.9543608040483786
Tabula_Muris_Senis.ESmu190820__Limb_Muscle.endothelial_cell	-2.4264756075608654e-09	1.4025611380563548e-09	0.958187718197762
Tabula_Muris_Senis.ESmu190820__Pancreas.pancreatic_ductal_cell	-2.4095525221596845e-09	1.3329472418860009e-09	0.9646724509915456
Tabula_Muris_Senis.ESmu190820__Large_Intestine.large_intestine_goblet_cell	-1.943513878694193e-09	1.0680925263894725e-09	0.9655909364373615
Tabula_Muris_Senis.ESmu190820__Lung.myeloid_cell	-2.341232933770888e-09	1.277196225093031e-09	0.9666064133225355
Tabula_Muris_Senis.ESmu190820__Large_Intestine.epithelial_cell_of_large_intestine	-2.1586000857850716e-09	1.1167532345701868e-09	0.9733772723444098
Tabula_Muris_Senis.ESmu190820__Marrow.nan	-2.867199630400591e-09	1.452746128341802e-09	0.9757887229660941
Tabula_Muris_Senis.ESmu190820__Bladder.bladder_cell	-2.3701856189289202e-09	1.146636308033161e-09	0.9806365537729004
Tabula_Muris_Senis.ESmu190820__Large_Intestine.enterocyte_of_epithelium_of_large_intestine	-1.9616575875687886e-09	9.337140601168446e-10	0.9821759603475845
Tabula_Muris_Senis.ESmu190820__Kidney.kidney_collecting_duct_principal_cell	-3.427403763397052e-09	1.5874590705869122e-09	0.984576862235289
Tabula_Muris_Senis.ESmu190820__Kidney.epithelial_cell_of_proximal_tubule	-2.575327091055477e-09	1.1739227974000837e-09	0.9858743466412426
Tabula_Muris_Senis.ESmu190820__Marrow.granulocytopoietic_cell	-2.9647308954909146e-09	1.337079690453943e-09	0.9866993164179528
Tabula_Muris_Senis.ESmu190820__Lung.stromal_cell	-2.7942954441337025e-09	1.2020300630015887e-09	0.989954575259968
Tabula_Muris_Senis.ESmu190820__Fat.T_cell	-3.1134865036003192e-09	1.335492025554569e-09	0.9901322910485986
Tabula_Muris_Senis.ESmu190820__Trachea.macrophage	-3.0942446610600964e-09	1.2924229243787972e-09	0.9916703626732947
Tabula_Muris_Senis.ESmu190820__Trachea.fibroblast	-2.821923438368859e-09	1.1536944360541962e-09	0.9927772215988248
Tabula_Muris_Senis.ESmu190820__Lung.monocyte	-3.549455994148926e-09	1.412688345516813e-09	0.9940069649138972
Tabula_Muris_Senis.ESmu190820__Marrow.precursor_B_cell	-2.931108062994093e-09	1.138259215412571e-09	0.9949891487248737
Tabula_Muris_Senis.ESmu190820__Marrow.NK_cell	-3.940686081383334e-09	1.5040594340987325e-09	0.9956039433310523
Tabula_Muris_Senis.ESmu190820__Kidney.kidney_loop_of_Henle_ascending_limb_epithelial_cell	-4.435088975223597e-09	1.5350867519688318e-09	0.998068548529241
Tabula_Muris_Senis.ESmu190820__Lung.granulocyte	-4.064365314175505e-09	1.3638558446143993e-09	0.9985590164379908
Tabula_Muris_Senis.ESmu190820__Marrow.granulocyte	-3.882245326191693e-09	1.2127261624723335e-09	0.9993158473772515
Tabula_Muris_Senis.ESmu190820__Limb_Muscle.mesenchymal_stem_cell	-4.193221708912167e-09	1.3021294954629025e-09	0.9993596730047197
Tabula_Muris_Senis.ESmu190820__Trachea.mucus_secreting_cell	-4.8544884329619225e-09	1.3376374697468466e-09	0.9998578225888408
Tabula_Muris_Senis.ESmu190820__Limb_Muscle.macrophage	-5.141600455192826e-09	1.349824454745357e-09	0.9999302599108209
