Name	Coefficient	Coefficient_std_error	Coefficient_P_value
Tabula_Muris_Senis.ESmu190820__Skin.keratinocyte_stem_cell	5.451399278225624e-08	2.1349286173944092e-08	0.005333324902039839
Tabula_Muris_Senis.ESmu190820__Lung.T_cell	7.515888964859454e-08	3.7723386845540975e-08	0.023165317561849426
Tabula_Muris_Senis.ESmu190820__Brain_Non-Myeloid.medium_spiny_neuron	3.9735583892321776e-08	1.999793312038068e-08	0.02346205518890536
Tabula_Muris_Senis.ESmu190820__Brain_Non-Myeloid.macrophage	6.26545427776985e-08	3.448969907958555e-08	0.03463795791255406
Tabula_Muris_Senis.ESmu190820__Spleen.granulocyte	6.412131073748842e-08	3.5976005169222845e-08	0.03734726939866267
Tabula_Muris_Senis.ESmu190820__Thymus.epithelial_cell_of_thymus	4.15277896265269e-08	2.3816998694623308e-08	0.04061270739406065
Tabula_Muris_Senis.ESmu190820__Limb_Muscle.T_cell	5.739133459971559e-08	3.871341063214711e-08	0.06910810465517617
Tabula_Muris_Senis.ESmu190820__Trachea.T_cell	5.285519333285025e-08	3.65288465617464e-08	0.073956311987808
Tabula_Muris_Senis.ESmu190820__Trachea.chondrocyte	3.940678600046055e-08	2.88802423146574e-08	0.08620678591687503
Tabula_Muris_Senis.ESmu190820__Heart.ventricular_myocyte	2.3137998095253363e-08	1.7865967758533934e-08	0.0976449597723717
Tabula_Muris_Senis.ESmu190820__Lung.granulocyte	3.5147423115868975e-08	3.004176516572421e-08	0.12101014376816155
Tabula_Muris_Senis.ESmu190820__Marrow.precursor_B_cell	2.7824285566153027e-08	2.4486832209037404e-08	0.12791638568348207
Tabula_Muris_Senis.ESmu190820__Marrow.nan	3.412902295484009e-08	3.0088269592945127e-08	0.1283350700862102
Tabula_Muris_Senis.ESmu190820__Fat.T_cell	3.267103819684159e-08	3.014399024355074e-08	0.13921952227947088
Tabula_Muris_Senis.ESmu190820__Marrow.granulocyte	2.843995980256746e-08	2.7709127366988973e-08	0.15235739297931322
Tabula_Muris_Senis.ESmu190820__Limb_Muscle.skeletal_muscle_satellite_cell	2.783042089042918e-08	2.714189750587663e-08	0.15259489727539416
Tabula_Muris_Senis.ESmu190820__Heart.atrial_myocyte	1.795186105664319e-08	1.8159888849708148e-08	0.16144298802351387
Tabula_Muris_Senis.ESmu190820__Spleen.NK_cell	3.059335077834579e-08	3.157817380853737e-08	0.16631920632107117
Tabula_Muris_Senis.ESmu190820__Thymus.DN4_thymocyte	2.1053619890352686e-08	2.1837226618211432e-08	0.16749388234607976
Tabula_Muris_Senis.ESmu190820__Thymus.professional_antigen_presenting_cell	2.743874859542371e-08	3.152594035947692e-08	0.19205331258096703
Tabula_Muris_Senis.ESmu190820__Lung.epithelial_cell	1.7460081109257557e-08	2.0440090093258402e-08	0.19649497553358997
Tabula_Muris_Senis.ESmu190820__Brain_Myeloid.microglial_cell	1.723798870823132e-08	2.045020007915737e-08	0.19963514327962184
Tabula_Muris_Senis.ESmu190820__Pancreas.pancreatic_PP_cell	1.895255942674447e-08	2.2508527993800478e-08	0.19988926603690926
Tabula_Muris_Senis.ESmu190820__Lung.myeloid_cell	2.1131474940387722e-08	2.6081911993959226e-08	0.2089136119337362
Tabula_Muris_Senis.ESmu190820__Brain_Non-Myeloid.oligodendrocyte_precursor_cell	2.0598849921207665e-08	2.5602535376232525e-08	0.2105359813209251
Tabula_Muris_Senis.ESmu190820__Kidney.T_cell	2.7117767378889306e-08	3.609103800308086e-08	0.2262146380641868
Tabula_Muris_Senis.ESmu190820__Tongue.basal_cell_of_epidermis	1.4349109495389587e-08	1.9556600228873562e-08	0.23155906778562313
Tabula_Muris_Senis.ESmu190820__Fat.NK_cell	3.190902037971339e-08	4.3981384316160214e-08	0.23406900487315735
Tabula_Muris_Senis.ESmu190820__Brain_Non-Myeloid.neuron	1.3487061521778501e-08	1.8720683341002704e-08	0.23562817572027228
Tabula_Muris_Senis.ESmu190820__Pancreas.pancreatic_A_cell	1.2340027042953893e-08	1.766351815703446e-08	0.24239583262127218
Tabula_Muris_Senis.ESmu190820__Liver.neutrophil	2.766668994173401e-08	4.2505355075381075e-08	0.2575558675947699
Tabula_Muris_Senis.ESmu190820__Skin.basal_cell_of_epidermis	1.2246500297506676e-08	1.9098815117524725e-08	0.26069059174109127
Tabula_Muris_Senis.ESmu190820__Brain_Non-Myeloid.astrocyte	1.5847172906673644e-08	2.480472997940156e-08	0.2614514569779474
Tabula_Muris_Senis.ESmu190820__Spleen.B_cell	1.3573624109512232e-08	2.1733113432472027e-08	0.26613007891987894
Tabula_Muris_Senis.ESmu190820__Marrow.Cd4+_macrophage	1.635992700073839e-08	2.633184675770196e-08	0.2672017437960436
Tabula_Muris_Senis.ESmu190820__Marrow.erythroid_progenitor	1.4040451605553312e-08	2.3391692465379194e-08	0.274175683219141
Tabula_Muris_Senis.ESmu190820__Kidney.mesangial_cell	2.2717123809153624e-08	3.85389957707485e-08	0.2777770007188658
Tabula_Muris_Senis.ESmu190820__Thymus.thymocyte	1.17339815694761e-08	2.284649592806512e-08	0.3037655144116244
Tabula_Muris_Senis.ESmu190820__Brain_Non-Myeloid.nan	1.0524797354863935e-08	2.2338175675473217e-08	0.3187641594016585
Tabula_Muris_Senis.ESmu190820__Fat.B_cell	1.181414464471792e-08	2.5100388554371018e-08	0.31893614590554586
Tabula_Muris_Senis.ESmu190820__Marrow.MPP_Fraction_C	1.437701770034718e-08	3.0589640433496245e-08	0.3191788319389304
Tabula_Muris_Senis.ESmu190820__Marrow.immature_B_cell	1.7688337508178906e-08	3.802531747554508e-08	0.32090391327229806
Tabula_Muris_Senis.ESmu190820__Skin.epidermal_cell	9.508990999549984e-09	2.0873240664342884e-08	0.3243535942110684
Tabula_Muris_Senis.ESmu190820__Lung.macrophage	1.191418821138722e-08	3.214635253121337e-08	0.3554590515757226
Tabula_Muris_Senis.ESmu190820__Fat.myeloid_cell	7.424881708522635e-09	2.088442595306609e-08	0.36109912495487617
Tabula_Muris_Senis.ESmu190820__Trachea.macrophage	8.846315259118406e-09	2.5885311502634466e-08	0.3662693741140003
Tabula_Muris_Senis.ESmu190820__Brain_Non-Myeloid.ependymal_cell	7.935028658654557e-09	2.393649478277138e-08	0.3701321483751826
Tabula_Muris_Senis.ESmu190820__Heart.endocardial_cell	8.870766028967884e-09	2.792467494664976e-08	0.3753685241081774
Tabula_Muris_Senis.ESmu190820__Brain_Non-Myeloid.interneuron	6.107953961565585e-09	1.9448385733550666e-08	0.376737852833235
Tabula_Muris_Senis.ESmu190820__Pancreas.pancreatic_stellate_cell	1.0125176027116889e-08	3.305178186918341e-08	0.37967182027117846
Tabula_Muris_Senis.ESmu190820__Pancreas.pancreatic_acinar_cell	6.209977939818511e-09	2.029136533910227e-08	0.37978693586900614
Tabula_Muris_Senis.ESmu190820__Thymus.nan	1.4458525465692466e-08	4.919111532205306e-08	0.38440739821005404
Tabula_Muris_Senis.ESmu190820__Brain_Non-Myeloid.Il6_expressing_cells	7.629429282805383e-09	2.623535961201034e-08	0.3855994210881721
Tabula_Muris_Senis.ESmu190820__Marrow.naive_B_cell	6.48230400860548e-09	2.2533804609000737e-08	0.3867996027586998
Tabula_Muris_Senis.ESmu190820__Bladder.bladder_cell	4.527732573150562e-09	1.918501302756755e-08	0.40671492959039496
Tabula_Muris_Senis.ESmu190820__Brain_Non-Myeloid.neuronal_stem_cell	7.311709252342894e-09	3.6942568608988595e-08	0.4215534459830034
Tabula_Muris_Senis.ESmu190820__Brain_Non-Myeloid.brain_pericyte	4.794272834814799e-09	2.6127434757213523e-08	0.42720453261421415
Tabula_Muris_Senis.ESmu190820__Kidney.kidney_collecting_duct_principal_cell	6.037403459178094e-09	3.2915946461960445e-08	0.4272347122171456
Tabula_Muris_Senis.ESmu190820__Marrow.granulocytopoietic_cell	4.650678855445052e-09	2.625815904012116e-08	0.42970955317603304
Tabula_Muris_Senis.ESmu190820__Spleen.proerythroblast	5.661827529723811e-09	3.270076602679958e-08	0.43127048902483384
Tabula_Muris_Senis.ESmu190820__Heart.smooth_muscle_cell	4.164376195703915e-09	2.5310564013639154e-08	0.43465651349422446
Tabula_Muris_Senis.ESmu190820__Marrow.HSC_enriched_fraction	3.220302264926346e-09	1.9793542896436357e-08	0.43537945501185515
Tabula_Muris_Senis.ESmu190820__Pancreas.pancreatic_ductal_cell	3.4332741933671006e-09	2.541383044202162e-08	0.4462684941479333
Tabula_Muris_Senis.ESmu190820__Marrow.MPP_Fraction_B	3.9043625302263926e-09	2.9448916446007608e-08	0.4472624369971798
Tabula_Muris_Senis.ESmu190820__Heart.valve_cell	2.7217737663305956e-09	2.7592168395988337e-08	0.46071087091964835
Tabula_Muris_Senis.ESmu190820__Fat.epithelial_cell	1.736003335554176e-09	2.071083713798753e-08	0.4665993706844843
Tabula_Muris_Senis.ESmu190820__Brain_Non-Myeloid.oligodendrocyte	-9.416146319328676e-12	2.0437336441893423e-08	0.5001838056912654
Tabula_Muris_Senis.ESmu190820__Marrow.late_pro-B_cell	-3.4086520794765043e-10	3.025767137018354e-08	0.5044941550672644
Tabula_Muris_Senis.ESmu190820__Large_Intestine.enteroendocrine_cell	-3.35916508928819e-10	2.154263081206791e-08	0.506220496872876
Tabula_Muris_Senis.ESmu190820__Trachea.granulocyte	-8.676441831712722e-10	3.3830797421065185e-08	0.5102303827790591
Tabula_Muris_Senis.ESmu190820__Spleen.T_cell	-2.047048036792002e-09	2.7699490405449667e-08	0.5294558220471913
Tabula_Muris_Senis.ESmu190820__Pancreas.endothelial_cell	-2.130096096102367e-09	2.8286222071555342e-08	0.5300140084607373
Tabula_Muris_Senis.ESmu190820__Lung.lymphocyte	-2.200449517786151e-09	2.44407281565119e-08	0.5358691376907936
Tabula_Muris_Senis.ESmu190820__Marrow.megakaryocyte-erythroid_progenitor_cell	-3.84980261852448e-09	4.088074729386065e-08	0.5375135509468935
Tabula_Muris_Senis.ESmu190820__Kidney.kidney_loop_of_Henle_ascending_limb_epithelial_cell	-4.062454789379264e-09	3.273397261814127e-08	0.5493839922214836
Tabula_Muris_Senis.ESmu190820__Brain_Non-Myeloid.Bergmann_glial_cell	-3.1992272361267793e-09	2.233411709295446e-08	0.55695124117745
Tabula_Muris_Senis.ESmu190820__Marrow.MPP_Fraction_A	-3.1340954415971908e-09	2.1562868024771343e-08	0.5577814958634891
Tabula_Muris_Senis.ESmu190820__Heart.fibroblast_of_cardiac_tissue	-2.6337471332887855e-09	1.741818756861194e-08	0.5600936780514737
Tabula_Muris_Senis.ESmu190820__Heart.endothelial_cell_of_coronary_artery	-4.155713185175605e-09	2.5962120076902578e-08	0.5635863754843277
Tabula_Muris_Senis.ESmu190820__Bladder.bladder_urothelial_cell	-3.109971632998407e-09	1.7965941373603e-08	0.5687150571317626
Tabula_Muris_Senis.ESmu190820__Tongue.keratinocyte	-3.86170876484409e-09	2.1682056323593277e-08	0.5706802154047997
Tabula_Muris_Senis.ESmu190820__Marrow.Marrow_Cd4_T_cell	-5.205385747338186e-09	2.1770996038835533e-08	0.5944849212116436
Tabula_Muris_Senis.ESmu190820__Large_Intestine.intestinal_crypt_stem_cell	-4.122793650324115e-09	1.4758140221883939e-08	0.6100146671931763
Tabula_Muris_Senis.ESmu190820__Lung.B_cell	-9.819493422322563e-09	3.401929655476671e-08	0.6135733999195127
Tabula_Muris_Senis.ESmu190820__Liver.B_cell	-1.1580913662816493e-08	3.863073731887445e-08	0.617829402165367
Tabula_Muris_Senis.ESmu190820__Lung.endothelial_cell	-8.030323547397726e-09	2.4007683612810127e-08	0.6309949793518826
Tabula_Muris_Senis.ESmu190820__Brain_Non-Myeloid.endothelial_cell	-8.39179308312707e-09	2.2126300638085476e-08	0.6477554910359444
Tabula_Muris_Senis.ESmu190820__Heart.leukocyte	-7.589278958821395e-09	1.9592949189310328e-08	0.6507505000572718
Tabula_Muris_Senis.ESmu190820__Marrow.basophil	-1.042178705063211e-08	2.6629252502097067e-08	0.6522366817408942
Tabula_Muris_Senis.ESmu190820__Pancreas.pancreatic_B_cell	-6.240078080258071e-09	1.4765456574487025e-08	0.6637112832094438
Tabula_Muris_Senis.ESmu190820__Marrow.NK_cell	-1.2096080150967313e-08	2.8151558474723332e-08	0.6662847300058452
Tabula_Muris_Senis.ESmu190820__Liver.hepatocyte	-8.359392645734068e-09	1.9421066434173885e-08	0.6665582438596701
Tabula_Muris_Senis.ESmu190820__Lung.glial_cell	-1.4394898196758099e-08	3.180196520024338e-08	0.6745966463127472
Tabula_Muris_Senis.ESmu190820__Lung.monocyte	-1.4266749217861477e-08	2.7877132080434445e-08	0.6955948760646917
Tabula_Muris_Senis.ESmu190820__Liver.NK_cell	-1.8797330772666643e-08	3.325652747701576e-08	0.7140387128929333
Tabula_Muris_Senis.ESmu190820__Kidney.macrophage	-2.101394097605788e-08	3.704068341613542e-08	0.7147517919579283
Tabula_Muris_Senis.ESmu190820__Limb_Muscle.macrophage	-1.978556377405489e-08	3.4283814128908255e-08	0.7180677385747708
Tabula_Muris_Senis.ESmu190820__Limb_Muscle.mesenchymal_stem_cell	-1.203605637617323e-08	2.073967432202479e-08	0.7191572198762326
Tabula_Muris_Senis.ESmu190820__Trachea.fibroblast	-1.0677901840963666e-08	1.688633163880395e-08	0.7364176129624693
Tabula_Muris_Senis.ESmu190820__Pancreas.leukocyte	-2.368674157604321e-08	3.466826244585266e-08	0.7527723808793397
Tabula_Muris_Senis.ESmu190820__Limb_Muscle.B_cell	-2.729372567485281e-08	3.987648631906214e-08	0.7531565684075174
Tabula_Muris_Senis.ESmu190820__Fat.mesenchymal_stem_cell_of_adipose	-1.1158683815207822e-08	1.551112364272248e-08	0.7640523835791466
Tabula_Muris_Senis.ESmu190820__Fat.endothelial_cell	-1.7777068867001368e-08	2.4325331249671813e-08	0.7675508047259224
Tabula_Muris_Senis.ESmu190820__Liver.Kupffer_cell	-1.5206552772899437e-08	2.0625846116744592e-08	0.7695170111621898
Tabula_Muris_Senis.ESmu190820__Lung.stromal_cell	-1.809045432452027e-08	2.4011984263225396e-08	0.7743930242609223
Tabula_Muris_Senis.ESmu190820__Large_Intestine.large_intestine_goblet_cell	-1.3108587019955157e-08	1.6944104549149128e-08	0.7804272714705913
Tabula_Muris_Senis.ESmu190820__Marrow.nan-marrow-needs-subclustering	-1.6835326118052695e-08	2.0714576475869328e-08	0.7918131237784491
Tabula_Muris_Senis.ESmu190820__Kidney.fenestrated_cell	-2.3520462363649826e-08	2.8006969447158504e-08	0.7994918298822588
Tabula_Muris_Senis.ESmu190820__Large_Intestine.enterocyte_of_epithelium_of_large_intestine	-1.4781611394451084e-08	1.7557589084338017e-08	0.8000760763061547
Tabula_Muris_Senis.ESmu190820__Brain_Myeloid.macrophage	-2.6599239552011807e-08	3.105695385686175e-08	0.8041300933933302
Tabula_Muris_Senis.ESmu190820__Kidney.B_cell	-2.9722239400567443e-08	3.281768598485692e-08	0.8174467092827301
Tabula_Muris_Senis.ESmu190820__Marrow.early_pro-B_cell	-1.9192404648997912e-08	1.9890996676844048e-08	0.8326972853576559
Tabula_Muris_Senis.ESmu190820__Kidney.kidney_collecting_duct_epithelial_cell	-2.8018691707001164e-08	2.736795972267268e-08	0.8470297264180318
Tabula_Muris_Senis.ESmu190820__Thymus.endothelial_cell	-3.035657919982228e-08	2.802850198133199e-08	0.8606093402746993
Tabula_Muris_Senis.ESmu190820__Limb_Muscle.endothelial_cell	-2.9770328496892215e-08	2.740621915072684e-08	0.8613184051628138
Tabula_Muris_Senis.ESmu190820__Large_Intestine.Brush_cell_of_epithelium_proper_of_large_intestine	-2.7098370679835874e-08	2.46561772918685e-08	0.8641268627383512
Tabula_Muris_Senis.ESmu190820__Trachea.ciliated_columnar_cell_of_tracheobronchial_tree	-2.6430370177078132e-08	2.2383975365336473e-08	0.8811533344521927
Tabula_Muris_Senis.ESmu190820__Large_Intestine.epithelial_cell_of_large_intestine	-2.37066736963134e-08	1.985785798397061e-08	0.8837254686393421
Tabula_Muris_Senis.ESmu190820__Trachea.smooth_muscle_cell_of_trachea	-3.306228868701956e-08	2.7133565854847445e-08	0.88848325840109
Tabula_Muris_Senis.ESmu190820__Pancreas.pancreatic_D_cell	-2.26020983202863e-08	1.8318642448336602e-08	0.8913669494229877
Tabula_Muris_Senis.ESmu190820__Large_Intestine.secretory_cell	-1.9982101485650485e-08	1.607820996020036e-08	0.8930303995844577
Tabula_Muris_Senis.ESmu190820__Trachea.basal_epithelial_cell_of_tracheobronchial_tree	-2.9438561175572125e-08	2.2930890749441715e-08	0.9003931401499992
Tabula_Muris_Senis.ESmu190820__Liver.myeloid_leukocyte	-3.8022725090989104e-08	2.865833615767902e-08	0.9077059050243632
Tabula_Muris_Senis.ESmu190820__Liver.T_cell	-4.771601670586818e-08	3.4996928152533186e-08	0.9136271814708143
Tabula_Muris_Senis.ESmu190820__Trachea.mucus_secreting_cell	-3.504771507402524e-08	2.5293848647984684e-08	0.9170688331782658
Tabula_Muris_Senis.ESmu190820__Lung.nan	-4.275394312699678e-08	2.874577711132335e-08	0.9315338045122159
Tabula_Muris_Senis.ESmu190820__Trachea.endothelial_cell	-4.9295842126553495e-08	2.7996664500304343e-08	0.960861799534819
Tabula_Muris_Senis.ESmu190820__Liver.endothelial_cell_of_hepatic_sinusoid	-5.218033722635585e-08	2.2363183533134232e-08	0.9901841737887961
Tabula_Muris_Senis.ESmu190820__Kidney.Kidney-new-24m-cluster	-5.131998474708166e-08	2.0729618132320144e-08	0.9933509397588868
Tabula_Muris_Senis.ESmu190820__Kidney.epithelial_cell_of_proximal_tubule	-5.792799393941935e-08	2.223847095111129e-08	0.9954043435865101
