Name	Coefficient	Coefficient_std_error	Coefficient_P_value
Tabula_Muris_Senis.ESmu190820__Fat.mesenchymal_stem_cell_of_adipose	6.887948414114931e-09	2.7045283074422666e-09	0.005435465139521287
Tabula_Muris_Senis.ESmu190820__Brain_Non-Myeloid.interneuron	5.7991991188209796e-09	2.473338016669414e-09	0.00952157439981484
Tabula_Muris_Senis.ESmu190820__Trachea.fibroblast	6.260879211681667e-09	2.788876927007418e-09	0.01238578692148324
Tabula_Muris_Senis.ESmu190820__Brain_Non-Myeloid.oligodendrocyte_precursor_cell	5.7998423086779485e-09	2.9299433359052888e-09	0.02387949600600456
Tabula_Muris_Senis.ESmu190820__Brain_Non-Myeloid.Bergmann_glial_cell	5.299457200983125e-09	2.7852265788026718e-09	0.02853969653328756
Tabula_Muris_Senis.ESmu190820__Limb_Muscle.mesenchymal_stem_cell	6.156871884609693e-09	3.3401110869052184e-09	0.03264162502049426
Tabula_Muris_Senis.ESmu190820__Bladder.bladder_cell	5.740790442856542e-09	3.254677705711417e-09	0.03887791544664652
Tabula_Muris_Senis.ESmu190820__Brain_Non-Myeloid.neuron	3.4436915713539506e-09	1.9792153792418573e-09	0.0409358610824885
Tabula_Muris_Senis.ESmu190820__Pancreas.pancreatic_stellate_cell	1.1775281877155553e-08	6.909124335138979e-09	0.0441616995176818
Tabula_Muris_Senis.ESmu190820__Heart.fibroblast_of_cardiac_tissue	4.578635870202966e-09	3.007079490976548e-09	0.0639270474249308
Tabula_Muris_Senis.ESmu190820__Brain_Non-Myeloid.astrocyte	3.6202693570336422e-09	2.5743211577975175e-09	0.07981744285969294
Tabula_Muris_Senis.ESmu190820__Trachea.chondrocyte	5.470261805335533e-09	4.0897877481891154e-09	0.09052293415585844
Tabula_Muris_Senis.ESmu190820__Thymus.thymocyte	4.21608053809169e-09	3.2131162574980298e-09	0.09473528699296702
Tabula_Muris_Senis.ESmu190820__Brain_Non-Myeloid.Il6_expressing_cells	3.868531711831194e-09	3.091892717135651e-09	0.10543338136925862
Tabula_Muris_Senis.ESmu190820__Brain_Non-Myeloid.oligodendrocyte	3.1335713188485063e-09	2.5231646342830605e-09	0.10713284291188158
Tabula_Muris_Senis.ESmu190820__Brain_Non-Myeloid.brain_pericyte	4.332279076186485e-09	3.925365990540274e-09	0.13486979340187027
Tabula_Muris_Senis.ESmu190820__Limb_Muscle.skeletal_muscle_satellite_cell	3.3305715825633264e-09	3.0647562909850264e-09	0.13857742827594888
Tabula_Muris_Senis.ESmu190820__Pancreas.pancreatic_B_cell	2.084201205908972e-09	1.9810713572901695e-09	0.14638655852788723
Tabula_Muris_Senis.ESmu190820__Brain_Non-Myeloid.nan	3.783326571073853e-09	3.6178230214170365e-09	0.1478389922559772
Tabula_Muris_Senis.ESmu190820__Marrow.HSC_enriched_fraction	2.960542447049136e-09	2.9397303570475766e-09	0.1569482638609797
Tabula_Muris_Senis.ESmu190820__Thymus.epithelial_cell_of_thymus	3.4215810993930554e-09	3.562592210578513e-09	0.16842220020729182
Tabula_Muris_Senis.ESmu190820__Heart.valve_cell	3.1199223011870476e-09	3.6088364108351506e-09	0.1936503087625452
Tabula_Muris_Senis.ESmu190820__Thymus.endothelial_cell	3.973111816513727e-09	4.880345311966903e-09	0.20779250086292111
Tabula_Muris_Senis.ESmu190820__Marrow.MPP_Fraction_A	2.815101292795831e-09	3.5492034724342263e-09	0.2138410680731277
Tabula_Muris_Senis.ESmu190820__Pancreas.pancreatic_PP_cell	3.0223873733306456e-09	3.876139246619883e-09	0.2177714666828462
Tabula_Muris_Senis.ESmu190820__Brain_Non-Myeloid.medium_spiny_neuron	1.5441724729071042e-09	2.1805054275108908e-09	0.23941928527744
Tabula_Muris_Senis.ESmu190820__Brain_Non-Myeloid.ependymal_cell	1.9268676987495933e-09	3.0418689187791216e-09	0.26322035845696645
Tabula_Muris_Senis.ESmu190820__Skin.keratinocyte_stem_cell	2.243635085290968e-09	3.839534994426559e-09	0.27949218323033176
Tabula_Muris_Senis.ESmu190820__Heart.smooth_muscle_cell	1.9517383745932468e-09	3.4532515681613165e-09	0.2859727493193579
Tabula_Muris_Senis.ESmu190820__Lung.monocyte	2.2396330168035283e-09	4.096442541814582e-09	0.29228337943892013
Tabula_Muris_Senis.ESmu190820__Lung.macrophage	2.391817595938719e-09	4.6361079590601115e-09	0.30295839827975424
Tabula_Muris_Senis.ESmu190820__Liver.T_cell	3.656789511151351e-09	7.141886681471423e-09	0.30431847220729213
Tabula_Muris_Senis.ESmu190820__Pancreas.leukocyte	1.971687163884547e-09	3.949867588082791e-09	0.30882698151493304
Tabula_Muris_Senis.ESmu190820__Brain_Non-Myeloid.neuronal_stem_cell	2.038228217739311e-09	4.2645920411356284e-09	0.31634569602175083
Tabula_Muris_Senis.ESmu190820__Lung.glial_cell	1.518423402128763e-09	3.394980376289355e-09	0.3273453224488517
Tabula_Muris_Senis.ESmu190820__Marrow.Marrow_Cd4_T_cell	1.497885735263036e-09	3.360500198845882e-09	0.3278950727915626
Tabula_Muris_Senis.ESmu190820__Kidney.mesangial_cell	2.2546926592022828e-09	5.0746938016084345e-09	0.3284124088003216
Tabula_Muris_Senis.ESmu190820__Trachea.smooth_muscle_cell_of_trachea	1.2639686454887283e-09	3.765419616095026e-09	0.3685568368253581
Tabula_Muris_Senis.ESmu190820__Kidney.kidney_collecting_duct_epithelial_cell	1.1335553210461984e-09	3.6382847269852192e-09	0.3776862850587532
Tabula_Muris_Senis.ESmu190820__Marrow.MPP_Fraction_B	8.18918958862363e-10	3.4144047266668334e-09	0.40522622525519447
Tabula_Muris_Senis.ESmu190820__Kidney.macrophage	1.0738347054111108e-09	5.705275919546953e-09	0.42535294438532895
Tabula_Muris_Senis.ESmu190820__Limb_Muscle.endothelial_cell	7.215972845152503e-10	3.844562130463542e-09	0.42555867073965886
Tabula_Muris_Senis.ESmu190820__Marrow.granulocytopoietic_cell	6.16294567423033e-10	3.3613379599598064e-09	0.42726248996278854
Tabula_Muris_Senis.ESmu190820__Lung.T_cell	7.946475683287758e-10	5.0559112163256325e-09	0.43755465591104153
Tabula_Muris_Senis.ESmu190820__Kidney.fenestrated_cell	5.57975789453671e-10	3.6895592136800288e-09	0.4398967421117681
Tabula_Muris_Senis.ESmu190820__Brain_Myeloid.macrophage	4.4798977498245514e-10	3.422076635767564e-09	0.4479225905121146
Tabula_Muris_Senis.ESmu190820__Pancreas.endothelial_cell	5.286714264057533e-10	4.5494071615088325e-09	0.4537443779767097
Tabula_Muris_Senis.ESmu190820__Kidney.T_cell	8.006227015995434e-10	7.107102265643861e-09	0.4551535958576928
Tabula_Muris_Senis.ESmu190820__Pancreas.pancreatic_acinar_cell	2.565397601351617e-10	2.9805619416517513e-09	0.4657050132529557
Tabula_Muris_Senis.ESmu190820__Marrow.immature_B_cell	3.2618187196102035e-10	4.742729927768543e-09	0.4725843069055542
Tabula_Muris_Senis.ESmu190820__Large_Intestine.enteroendocrine_cell	2.575596791076388e-10	3.998829342572502e-09	0.4743223735677693
Tabula_Muris_Senis.ESmu190820__Skin.basal_cell_of_epidermis	-2.9022043727302435e-12	3.837815996664485e-09	0.5003016851045761
Tabula_Muris_Senis.ESmu190820__Trachea.endothelial_cell	-2.1972250714405536e-10	4.195846559906192e-09	0.5208817339476316
Tabula_Muris_Senis.ESmu190820__Pancreas.pancreatic_A_cell	-1.897861870821173e-10	2.3098770665533847e-09	0.5327414104606771
Tabula_Muris_Senis.ESmu190820__Liver.myeloid_leukocyte	-6.692063077887837e-10	5.359887585437957e-09	0.5496806464110426
Tabula_Muris_Senis.ESmu190820__Liver.endothelial_cell_of_hepatic_sinusoid	-5.483717704714523e-10	3.4026714122209974e-09	0.5640159889310606
Tabula_Muris_Senis.ESmu190820__Marrow.Cd4+_macrophage	-4.376895644447817e-10	2.6691610709360412e-09	0.5651266342747711
Tabula_Muris_Senis.ESmu190820__Kidney.Kidney-new-24m-cluster	-5.694295235899048e-10	2.741989433027602e-09	0.5822567605492146
Tabula_Muris_Senis.ESmu190820__Brain_Non-Myeloid.macrophage	-1.0919375364368406e-09	4.747224934130847e-09	0.590960318983111
Tabula_Muris_Senis.ESmu190820__Spleen.NK_cell	-1.2993178978337595e-09	4.983036329893566e-09	0.6028566645705514
Tabula_Muris_Senis.ESmu190820__Trachea.macrophage	-1.1106891352435834e-09	3.809736015541587e-09	0.6146806911435196
Tabula_Muris_Senis.ESmu190820__Kidney.epithelial_cell_of_proximal_tubule	-9.946837496311542e-10	2.8810862589415375e-09	0.6350453120726003
Tabula_Muris_Senis.ESmu190820__Pancreas.pancreatic_D_cell	-8.648699491188454e-10	2.3658851734643893e-09	0.6426528075941594
Tabula_Muris_Senis.ESmu190820__Limb_Muscle.macrophage	-1.9198766021552203e-09	5.1849409737825725e-09	0.6444128228483754
Tabula_Muris_Senis.ESmu190820__Kidney.kidney_loop_of_Henle_ascending_limb_epithelial_cell	-1.9825632237432285e-09	4.699418076980928e-09	0.6634415772924471
Tabula_Muris_Senis.ESmu190820__Liver.hepatocyte	-1.3453842958540954e-09	3.1501728350854093e-09	0.6653404506508129
Tabula_Muris_Senis.ESmu190820__Marrow.nan-marrow-needs-subclustering	-1.0898212696788768e-09	2.5330864798338728e-09	0.6664874766492201
Tabula_Muris_Senis.ESmu190820__Trachea.mucus_secreting_cell	-1.6339922694611475e-09	3.765142420571509e-09	0.6678481090196016
Tabula_Muris_Senis.ESmu190820__Lung.B_cell	-1.7390400022866722e-09	3.948640054653353e-09	0.6701816904056325
Tabula_Muris_Senis.ESmu190820__Pancreas.pancreatic_ductal_cell	-1.777055531714212e-09	3.6989046370061287e-09	0.6845382803693686
Tabula_Muris_Senis.ESmu190820__Marrow.naive_B_cell	-1.730809531119828e-09	3.091584619860907e-09	0.7122075645509434
Tabula_Muris_Senis.ESmu190820__Thymus.professional_antigen_presenting_cell	-1.5768534213505445e-09	2.7621356635329937e-09	0.7159601698228579
Tabula_Muris_Senis.ESmu190820__Kidney.B_cell	-2.4214022046953466e-09	3.942147210787942e-09	0.7304697591158337
Tabula_Muris_Senis.ESmu190820__Lung.myeloid_cell	-1.6290590080862669e-09	2.650401989552117e-09	0.7306057389381099
Tabula_Muris_Senis.ESmu190820__Brain_Myeloid.microglial_cell	-2.0008960042557768e-09	3.2267955336549846e-09	0.7323999530862519
Tabula_Muris_Senis.ESmu190820__Trachea.T_cell	-3.3054045349075533e-09	4.808197574504931e-09	0.7541009976183486
Tabula_Muris_Senis.ESmu190820__Trachea.basal_epithelial_cell_of_tracheobronchial_tree	-3.0818240759040415e-09	4.457222310634333e-09	0.7553499857035166
Tabula_Muris_Senis.ESmu190820__Tongue.keratinocyte	-2.0264696682761117e-09	2.9289978958048334e-09	0.7554887872460567
Tabula_Muris_Senis.ESmu190820__Marrow.megakaryocyte-erythroid_progenitor_cell	-3.896993067769815e-09	5.2435003662752e-09	0.7713210603167613
Tabula_Muris_Senis.ESmu190820__Lung.endothelial_cell	-2.5896010385148865e-09	3.39383798064526e-09	0.7772773218464614
Tabula_Muris_Senis.ESmu190820__Lung.granulocyte	-2.770208452886067e-09	3.6150017431099666e-09	0.7782537745385675
Tabula_Muris_Senis.ESmu190820__Skin.epidermal_cell	-2.9471732688476867e-09	3.7681815788814e-09	0.7829282141551999
Tabula_Muris_Senis.ESmu190820__Large_Intestine.Brush_cell_of_epithelium_proper_of_large_intestine	-2.7921940768487153e-09	3.533486406139892e-09	0.7852972484334968
Tabula_Muris_Senis.ESmu190820__Spleen.proerythroblast	-3.4989575937150463e-09	4.163653462195297e-09	0.7996460266756082
Tabula_Muris_Senis.ESmu190820__Marrow.erythroid_progenitor	-2.5111881695899337e-09	2.972685273941494e-09	0.8008759356445032
Tabula_Muris_Senis.ESmu190820__Trachea.ciliated_columnar_cell_of_tracheobronchial_tree	-3.0844725269181394e-09	3.625600160099198e-09	0.8025453573261945
Tabula_Muris_Senis.ESmu190820__Liver.NK_cell	-4.037762942726592e-09	4.742683894470024e-09	0.8027171467743421
Tabula_Muris_Senis.ESmu190820__Thymus.DN4_thymocyte	-2.5069282764529366e-09	2.9406783957052664e-09	0.8030316752235667
Tabula_Muris_Senis.ESmu190820__Fat.B_cell	-2.4323138337729e-09	2.845253002192437e-09	0.8036877003259166
Tabula_Muris_Senis.ESmu190820__Fat.T_cell	-3.303417716278637e-09	3.853174854500704e-09	0.8043669638240285
Tabula_Muris_Senis.ESmu190820__Lung.epithelial_cell	-2.904260559427674e-09	3.339155868051616e-09	0.8077839137767044
Tabula_Muris_Senis.ESmu190820__Brain_Non-Myeloid.endothelial_cell	-2.7946405568700443e-09	3.066770314574884e-09	0.8189221275916354
Tabula_Muris_Senis.ESmu190820__Spleen.T_cell	-3.92092789689796e-09	4.1950866829506165e-09	0.8250150422873597
Tabula_Muris_Senis.ESmu190820__Liver.neutrophil	-4.047684136362982e-09	4.321713419408076e-09	0.8255158800582263
Tabula_Muris_Senis.ESmu190820__Fat.NK_cell	-4.050276107087063e-09	4.273485129016452e-09	0.8283764303782286
Tabula_Muris_Senis.ESmu190820__Heart.endocardial_cell	-3.081698731882751e-09	3.122194511252213e-09	0.8381859621223479
Tabula_Muris_Senis.ESmu190820__Marrow.nan	-3.3540322497486075e-09	3.397255136592545e-09	0.8382465967474302
Tabula_Muris_Senis.ESmu190820__Heart.leukocyte	-2.367964563126848e-09	2.3365378556498107e-09	0.8445773943409896
Tabula_Muris_Senis.ESmu190820__Kidney.kidney_collecting_duct_principal_cell	-5.024174810081759e-09	4.9471232326607616e-09	0.8450840989883692
Tabula_Muris_Senis.ESmu190820__Marrow.early_pro-B_cell	-2.1667351286781926e-09	2.0534659940756137e-09	0.8543239171034075
Tabula_Muris_Senis.ESmu190820__Fat.epithelial_cell	-2.399759582345499e-09	2.2587819755159263e-09	0.8559759075128957
Tabula_Muris_Senis.ESmu190820__Marrow.late_pro-B_cell	-3.5953345944056324e-09	3.193606650267578e-09	0.8698730670216315
Tabula_Muris_Senis.ESmu190820__Fat.endothelial_cell	-3.8730101173258985e-09	3.3659470589596956e-09	0.8750608417750805
Tabula_Muris_Senis.ESmu190820__Lung.lymphocyte	-5.371533067026174e-09	4.599836231266708e-09	0.8785494480903067
Tabula_Muris_Senis.ESmu190820__Heart.atrial_myocyte	-3.119849454932025e-09	2.6710285089092633e-09	0.8786032739665933
Tabula_Muris_Senis.ESmu190820__Large_Intestine.intestinal_crypt_stem_cell	-2.982389006552899e-09	2.515523650173262e-09	0.8821086054514321
Tabula_Muris_Senis.ESmu190820__Heart.ventricular_myocyte	-2.8507857228932753e-09	2.3422282765943418e-09	0.888221761831399
Tabula_Muris_Senis.ESmu190820__Limb_Muscle.B_cell	-5.977278823572941e-09	4.7811866444377355e-09	0.894380613251935
Tabula_Muris_Senis.ESmu190820__Marrow.MPP_Fraction_C	-4.485226461978007e-09	3.5584037693631517e-09	0.8962483084713231
Tabula_Muris_Senis.ESmu190820__Heart.endothelial_cell_of_coronary_artery	-4.360181519157009e-09	3.2303934722180927e-09	0.9114498165412585
Tabula_Muris_Senis.ESmu190820__Liver.Kupffer_cell	-3.829271708781238e-09	2.7634858759983e-09	0.91707572442004
Tabula_Muris_Senis.ESmu190820__Marrow.granulocyte	-4.500976408746312e-09	3.114802937780723e-09	0.9257749421367866
Tabula_Muris_Senis.ESmu190820__Spleen.B_cell	-3.9611192680690895e-09	2.664606124170502e-09	0.9314355807827837
Tabula_Muris_Senis.ESmu190820__Tongue.basal_cell_of_epidermis	-3.6965474545907205e-09	2.452100455406863e-09	0.9341590423805387
Tabula_Muris_Senis.ESmu190820__Lung.stromal_cell	-4.20793709601413e-09	2.742187264228873e-09	0.9375489276026114
Tabula_Muris_Senis.ESmu190820__Spleen.granulocyte	-5.858574989763575e-09	3.719444015417922e-09	0.9423857601978057
Tabula_Muris_Senis.ESmu190820__Fat.myeloid_cell	-3.6935276643223716e-09	2.1896565430065794e-09	0.9541797514274429
Tabula_Muris_Senis.ESmu190820__Bladder.bladder_urothelial_cell	-4.7812055938627245e-09	2.7570634395126364e-09	0.9585556804672233
Tabula_Muris_Senis.ESmu190820__Thymus.nan	-6.933557471424436e-09	3.734013444698695e-09	0.9683347916614362
Tabula_Muris_Senis.ESmu190820__Large_Intestine.epithelial_cell_of_large_intestine	-5.1107643639146896e-09	2.635970175869519e-09	0.9737405110639844
Tabula_Muris_Senis.ESmu190820__Marrow.NK_cell	-6.934964254651733e-09	3.4976162901374067e-09	0.9763033665229872
Tabula_Muris_Senis.ESmu190820__Liver.B_cell	-6.791973109680094e-09	3.28214520546666e-09	0.9807443143546317
Tabula_Muris_Senis.ESmu190820__Lung.nan	-6.420185984393998e-09	2.9444973153807897e-09	0.9853861387076792
Tabula_Muris_Senis.ESmu190820__Marrow.precursor_B_cell	-6.293618254055167e-09	2.8743564547462313e-09	0.985722453267517
Tabula_Muris_Senis.ESmu190820__Trachea.granulocyte	-1.0046045584448362e-08	3.654572966047417e-09	0.9970101936407524
Tabula_Muris_Senis.ESmu190820__Marrow.basophil	-7.452662604913283e-09	2.688264959522651e-09	0.9972168687787927
Tabula_Muris_Senis.ESmu190820__Limb_Muscle.T_cell	-1.1650323030585867e-08	3.3764660753662715e-09	0.9997201722550059
Tabula_Muris_Senis.ESmu190820__Large_Intestine.secretory_cell	-7.534650138322203e-09	2.1057345941900233e-09	0.9998269875710325
Tabula_Muris_Senis.ESmu190820__Large_Intestine.enterocyte_of_epithelium_of_large_intestine	-9.103809922127974e-09	2.459775287731501e-09	0.9998926554993154
Tabula_Muris_Senis.ESmu190820__Large_Intestine.large_intestine_goblet_cell	-7.92411415054463e-09	2.0614361581370914e-09	0.999939471938108
