Name	Coefficient	Coefficient_std_error	Coefficient_P_value
Tabula_Muris_Senis.ESmu190820__Brain_Non-Myeloid.neuron	8.13605354145524e-09	3.103913488031974e-09	0.004380729472100502
Tabula_Muris_Senis.ESmu190820__Pancreas.pancreatic_B_cell	6.872427301741438e-09	2.8996609864014326e-09	0.008892128394033597
Tabula_Muris_Senis.ESmu190820__Pancreas.pancreatic_PP_cell	1.2209801120658875e-08	5.1781608103580765e-09	0.009188290248784281
Tabula_Muris_Senis.ESmu190820__Brain_Non-Myeloid.interneuron	7.57601034369989e-09	3.5361765993138287e-09	0.016079453522193535
Tabula_Muris_Senis.ESmu190820__Brain_Non-Myeloid.oligodendrocyte_precursor_cell	6.828809422768116e-09	3.2240644186493857e-09	0.017084368983944682
Tabula_Muris_Senis.ESmu190820__Pancreas.pancreatic_A_cell	5.576057852825824e-09	2.964345774641809e-09	0.029983127012440904
Tabula_Muris_Senis.ESmu190820__Brain_Non-Myeloid.Bergmann_glial_cell	6.849446054932888e-09	3.845271146033632e-09	0.037434602802399984
Tabula_Muris_Senis.ESmu190820__Thymus.thymocyte	6.082492853956824e-09	3.6199320248452963e-09	0.046451600606047846
Tabula_Muris_Senis.ESmu190820__Brain_Non-Myeloid.nan	7.831717868452224e-09	4.771309582326828e-09	0.05035524152767576
Tabula_Muris_Senis.ESmu190820__Pancreas.pancreatic_D_cell	5.264814125824018e-09	3.5435981228725645e-09	0.06867587019566887
Tabula_Muris_Senis.ESmu190820__Limb_Muscle.skeletal_muscle_satellite_cell	6.376869809583138e-09	4.427218075827603e-09	0.07488016902545387
Tabula_Muris_Senis.ESmu190820__Marrow.granulocytopoietic_cell	6.0767118964817605e-09	4.316620714668528e-09	0.07960292978576289
Tabula_Muris_Senis.ESmu190820__Brain_Non-Myeloid.ependymal_cell	4.3586570339816576e-09	3.2689660676898117e-09	0.09120943309944024
Tabula_Muris_Senis.ESmu190820__Lung.glial_cell	9.927196693905788e-09	7.74163428754363e-09	0.09986647082000638
Tabula_Muris_Senis.ESmu190820__Thymus.epithelial_cell_of_thymus	3.949221501022241e-09	3.3099408038331063e-09	0.11640734921525986
Tabula_Muris_Senis.ESmu190820__Brain_Non-Myeloid.brain_pericyte	4.294347822569225e-09	3.609511558261574e-09	0.11707606703655327
Tabula_Muris_Senis.ESmu190820__Large_Intestine.enteroendocrine_cell	5.12614971321896e-09	4.331949685615449e-09	0.11833811051592208
Tabula_Muris_Senis.ESmu190820__Heart.smooth_muscle_cell	4.258376793755174e-09	3.602371216002193e-09	0.11858225342648865
Tabula_Muris_Senis.ESmu190820__Pancreas.pancreatic_ductal_cell	4.926089060704491e-09	4.397283508510731e-09	0.13130206091582947
Tabula_Muris_Senis.ESmu190820__Brain_Non-Myeloid.astrocyte	3.5021218360505056e-09	3.2125617464674847e-09	0.1378271257662788
Tabula_Muris_Senis.ESmu190820__Skin.keratinocyte_stem_cell	5.9044077486853565e-09	5.434367643090015e-09	0.13863025064405593
Tabula_Muris_Senis.ESmu190820__Pancreas.pancreatic_acinar_cell	3.6915899934688214e-09	3.4902639728962013e-09	0.1451001819876418
Tabula_Muris_Senis.ESmu190820__Trachea.chondrocyte	4.653017178345211e-09	4.5621799080487635e-09	0.15388535134960662
Tabula_Muris_Senis.ESmu190820__Brain_Non-Myeloid.medium_spiny_neuron	3.352817019948691e-09	3.32202792951151e-09	0.15642302259586394
Tabula_Muris_Senis.ESmu190820__Thymus.nan	6.9453705780430045e-09	7.0375858350761036e-09	0.16184662919638332
Tabula_Muris_Senis.ESmu190820__Lung.macrophage	5.73600960468807e-09	5.82129822761867e-09	0.16222636881688962
Tabula_Muris_Senis.ESmu190820__Kidney.kidney_loop_of_Henle_ascending_limb_epithelial_cell	5.718105533705776e-09	6.0281671702408885e-09	0.17142107016668812
Tabula_Muris_Senis.ESmu190820__Marrow.erythroid_progenitor	3.4276052350192695e-09	3.7350557582657044e-09	0.17939185998628415
Tabula_Muris_Senis.ESmu190820__Heart.ventricular_myocyte	3.139526269072361e-09	3.4407793473307452e-09	0.18076692177192227
Tabula_Muris_Senis.ESmu190820__Brain_Non-Myeloid.oligodendrocyte	2.810384155468373e-09	3.18728635766313e-09	0.1889564822251898
Tabula_Muris_Senis.ESmu190820__Pancreas.leukocyte	4.4544714270771124e-09	5.425967779608311e-09	0.2058361578743495
Tabula_Muris_Senis.ESmu190820__Brain_Non-Myeloid.Il6_expressing_cells	3.1772428179403296e-09	3.962924208678588e-09	0.21135110492234177
Tabula_Muris_Senis.ESmu190820__Kidney.macrophage	4.231306399494733e-09	5.31120040767317e-09	0.21281958544538032
Tabula_Muris_Senis.ESmu190820__Kidney.kidney_collecting_duct_principal_cell	5.2210432799431505e-09	7.166149826988809e-09	0.23313230348337882
Tabula_Muris_Senis.ESmu190820__Trachea.mucus_secreting_cell	3.325392188636807e-09	4.956651170958709e-09	0.25114373010493796
Tabula_Muris_Senis.ESmu190820__Lung.nan	3.083775096873355e-09	5.024172509537643e-09	0.269677825764023
Tabula_Muris_Senis.ESmu190820__Kidney.Kidney-new-24m-cluster	1.7184618536485291e-09	3.112285978489821e-09	0.29042134648740525
Tabula_Muris_Senis.ESmu190820__Kidney.kidney_collecting_duct_epithelial_cell	2.600376845876119e-09	4.7172543965092525e-09	0.2907318547656669
Tabula_Muris_Senis.ESmu190820__Brain_Non-Myeloid.neuronal_stem_cell	2.3001732789820158e-09	4.1893126817734225e-09	0.2914830171291244
Tabula_Muris_Senis.ESmu190820__Heart.valve_cell	2.2944006203331442e-09	4.2328130638672956e-09	0.29389168109278474
Tabula_Muris_Senis.ESmu190820__Large_Intestine.intestinal_crypt_stem_cell	1.1996821348434075e-09	2.371019318829324e-09	0.3064362657861514
Tabula_Muris_Senis.ESmu190820__Trachea.ciliated_columnar_cell_of_tracheobronchial_tree	1.9645149642185566e-09	4.205719297311175e-09	0.32021217000445523
Tabula_Muris_Senis.ESmu190820__Marrow.NK_cell	2.002439516121997e-09	4.749240405620438e-09	0.33664622431969055
Tabula_Muris_Senis.ESmu190820__Marrow.HSC_enriched_fraction	1.006935744153066e-09	2.8172927244386714e-09	0.36039149575900703
Tabula_Muris_Senis.ESmu190820__Marrow.Marrow_Cd4_T_cell	1.3697122511788255e-09	3.985161058154477e-09	0.3655347858840642
Tabula_Muris_Senis.ESmu190820__Heart.fibroblast_of_cardiac_tissue	2.841442508350379e-10	3.121640546128436e-09	0.4637367551708295
Tabula_Muris_Senis.ESmu190820__Fat.myeloid_cell	1.3507163807107222e-10	3.5175907834424046e-09	0.4846848165867028
Tabula_Muris_Senis.ESmu190820__Pancreas.endothelial_cell	1.0352893471150054e-10	6.124322680198017e-09	0.49325638043003955
Tabula_Muris_Senis.ESmu190820__Bladder.bladder_cell	4.5933878794050904e-11	3.2689021612501374e-09	0.4943943371761139
Tabula_Muris_Senis.ESmu190820__Kidney.epithelial_cell_of_proximal_tubule	3.82809321118777e-11	3.81857485012281e-09	0.4960006999590169
Tabula_Muris_Senis.ESmu190820__Heart.atrial_myocyte	2.7937132769511187e-11	2.803099855071019e-09	0.49602400216872505
Tabula_Muris_Senis.ESmu190820__Large_Intestine.epithelial_cell_of_large_intestine	-2.6293921693824046e-11	3.1186046288961793e-09	0.5033635660976371
Tabula_Muris_Senis.ESmu190820__Kidney.B_cell	-5.120737688863676e-10	5.113706176648995e-09	0.539882419167175
Tabula_Muris_Senis.ESmu190820__Lung.monocyte	-7.18731559522048e-10	3.596241140751809e-09	0.5792035278910878
Tabula_Muris_Senis.ESmu190820__Brain_Myeloid.microglial_cell	-5.902873052640952e-10	2.9071889667015506e-09	0.5804496831572744
Tabula_Muris_Senis.ESmu190820__Marrow.MPP_Fraction_A	-7.984329213870933e-10	2.8579284797856814e-09	0.6100213588627464
Tabula_Muris_Senis.ESmu190820__Marrow.MPP_Fraction_B	-1.138409594785112e-09	3.990046883190769e-09	0.6122975684356315
Tabula_Muris_Senis.ESmu190820__Large_Intestine.secretory_cell	-7.082115373890996e-10	2.4690392908721047e-09	0.6128813902611525
Tabula_Muris_Senis.ESmu190820__Brain_Non-Myeloid.endothelial_cell	-1.2461066268733657e-09	4.180515841084324e-09	0.61717698133271
Tabula_Muris_Senis.ESmu190820__Marrow.Cd4+_macrophage	-1.107391079897992e-09	3.4807974265784226e-09	0.6248117383992333
Tabula_Muris_Senis.ESmu190820__Spleen.proerythroblast	-1.3092494218413614e-09	3.7246397113440037e-09	0.6373972467851927
Tabula_Muris_Senis.ESmu190820__Marrow.basophil	-1.8515878371269427e-09	4.445508917116719e-09	0.6614806624098692
Tabula_Muris_Senis.ESmu190820__Marrow.nan	-1.5466963323366794e-09	3.683147285468268e-09	0.6627349069925527
Tabula_Muris_Senis.ESmu190820__Liver.hepatocyte	-1.1794028604622138e-09	2.7379774612257588e-09	0.6666774529119214
Tabula_Muris_Senis.ESmu190820__Heart.leukocyte	-1.3792376510677474e-09	2.9982688262358792e-09	0.6772459584334525
Tabula_Muris_Senis.ESmu190820__Lung.myeloid_cell	-1.6235509910570828e-09	3.4801094648447046e-09	0.6795793938132295
Tabula_Muris_Senis.ESmu190820__Marrow.nan-marrow-needs-subclustering	-1.5047841598980725e-09	3.07429674838004e-09	0.6877464416389653
Tabula_Muris_Senis.ESmu190820__Brain_Non-Myeloid.macrophage	-2.203850599279993e-09	3.9044962276515104e-09	0.7137723552418634
Tabula_Muris_Senis.ESmu190820__Brain_Myeloid.macrophage	-2.2307387163437618e-09	3.738892966714946e-09	0.7246230497942525
Tabula_Muris_Senis.ESmu190820__Trachea.smooth_muscle_cell_of_trachea	-3.1050598830015947e-09	5.056329089097771e-09	0.7304232973340624
Tabula_Muris_Senis.ESmu190820__Marrow.late_pro-B_cell	-1.940664674929606e-09	3.0977553249448287e-09	0.7344981166408969
Tabula_Muris_Senis.ESmu190820__Large_Intestine.large_intestine_goblet_cell	-1.8131544704904868e-09	2.8165922365768546e-09	0.7401281358743319
Tabula_Muris_Senis.ESmu190820__Heart.endocardial_cell	-3.203325291436857e-09	4.850433798375308e-09	0.7455079486387057
Tabula_Muris_Senis.ESmu190820__Limb_Muscle.T_cell	-2.8078127964663747e-09	4.16201816693424e-09	0.7500438392340381
Tabula_Muris_Senis.ESmu190820__Heart.endothelial_cell_of_coronary_artery	-2.5952727138158406e-09	3.5819803083481373e-09	0.7656315497864068
Tabula_Muris_Senis.ESmu190820__Marrow.precursor_B_cell	-2.3788624026592034e-09	3.2534998429693374e-09	0.7676624256059736
Tabula_Muris_Senis.ESmu190820__Liver.myeloid_leukocyte	-2.7137496669802916e-09	3.6624016216793734e-09	0.7706458351997233
Tabula_Muris_Senis.ESmu190820__Lung.epithelial_cell	-2.6066740243679803e-09	3.2824832997264e-09	0.7864361825212098
Tabula_Muris_Senis.ESmu190820__Spleen.T_cell	-2.9033518822105227e-09	3.6141051653139906e-09	0.7891106091779729
Tabula_Muris_Senis.ESmu190820__Large_Intestine.Brush_cell_of_epithelium_proper_of_large_intestine	-2.767821086954193e-09	3.407151486824675e-09	0.7917064024547951
Tabula_Muris_Senis.ESmu190820__Kidney.fenestrated_cell	-2.8901008657423853e-09	3.1363786370091072e-09	0.8215992853878133
Tabula_Muris_Senis.ESmu190820__Fat.mesenchymal_stem_cell_of_adipose	-2.3353743354495366e-09	2.4177060875888364e-09	0.8329644825519722
Tabula_Muris_Senis.ESmu190820__Spleen.granulocyte	-4.841696535942351e-09	5.0095808121006095e-09	0.8330998156939072
Tabula_Muris_Senis.ESmu190820__Kidney.T_cell	-3.9500203819735e-09	4.028423925446023e-09	0.8365895448411722
Tabula_Muris_Senis.ESmu190820__Thymus.professional_antigen_presenting_cell	-3.4866993614610462e-09	3.483097418343898e-09	0.8415948436195431
Tabula_Muris_Senis.ESmu190820__Tongue.basal_cell_of_epidermis	-3.069729131513329e-09	3.0494021005188355e-09	0.8429523245675614
Tabula_Muris_Senis.ESmu190820__Liver.NK_cell	-5.458113343990783e-09	5.233950775856795e-09	0.8514861490143562
Tabula_Muris_Senis.ESmu190820__Pancreas.pancreatic_stellate_cell	-5.588231245387157e-09	5.294968929066811e-09	0.8543753797919744
Tabula_Muris_Senis.ESmu190820__Skin.basal_cell_of_epidermis	-2.8662212447169923e-09	2.708066798851645e-09	0.8550637217050382
Tabula_Muris_Senis.ESmu190820__Trachea.fibroblast	-2.8950233400613815e-09	2.7347890274562855e-09	0.8551069803162683
Tabula_Muris_Senis.ESmu190820__Thymus.DN4_thymocyte	-3.670560536264172e-09	3.4526624313149275e-09	0.8561340029921505
Tabula_Muris_Senis.ESmu190820__Trachea.T_cell	-3.913097851603088e-09	3.611846141679375e-09	0.8606860003477005
Tabula_Muris_Senis.ESmu190820__Trachea.macrophage	-4.1658129212049775e-09	3.559910889653225e-09	0.8790400473194702
Tabula_Muris_Senis.ESmu190820__Liver.endothelial_cell_of_hepatic_sinusoid	-4.1224057866582425e-09	3.5024830763219813e-09	0.8804012899583114
Tabula_Muris_Senis.ESmu190820__Marrow.early_pro-B_cell	-3.259066858613488e-09	2.7326022456357675e-09	0.8834988263905974
Tabula_Muris_Senis.ESmu190820__Spleen.NK_cell	-4.103215514853557e-09	3.418050240941866e-09	0.8850186610442424
Tabula_Muris_Senis.ESmu190820__Kidney.mesangial_cell	-5.376741876165305e-09	4.462740979672293e-09	0.8858611046517064
Tabula_Muris_Senis.ESmu190820__Fat.epithelial_cell	-3.625681914963723e-09	2.88258720551548e-09	0.8957656761873247
Tabula_Muris_Senis.ESmu190820__Skin.epidermal_cell	-4.002196016029776e-09	3.1767455953856714e-09	0.8961367317388907
Tabula_Muris_Senis.ESmu190820__Spleen.B_cell	-3.9366163775397725e-09	3.0876404008729874e-09	0.8988382065394729
Tabula_Muris_Senis.ESmu190820__Marrow.granulocyte	-3.804375897961431e-09	2.941128670766464e-09	0.9020824334893207
Tabula_Muris_Senis.ESmu190820__Marrow.MPP_Fraction_C	-4.908214746783357e-09	3.73415787871571e-09	0.9056458795135719
Tabula_Muris_Senis.ESmu190820__Marrow.naive_B_cell	-4.271068129096473e-09	3.152287364398182e-09	0.9122770075361504
Tabula_Muris_Senis.ESmu190820__Limb_Muscle.mesenchymal_stem_cell	-4.2716760859497875e-09	2.9598227627453158e-09	0.9255207786340257
Tabula_Muris_Senis.ESmu190820__Trachea.granulocyte	-5.163277136094684e-09	3.5575535201600007e-09	0.9266596415686988
Tabula_Muris_Senis.ESmu190820__Large_Intestine.enterocyte_of_epithelium_of_large_intestine	-4.234618250535202e-09	2.837825760596371e-09	0.9321773153090653
Tabula_Muris_Senis.ESmu190820__Liver.Kupffer_cell	-4.5086738394523995e-09	2.925185190539089e-09	0.9383816775403326
Tabula_Muris_Senis.ESmu190820__Marrow.immature_B_cell	-6.245752351582625e-09	3.889804996366666e-09	0.9458270408347635
Tabula_Muris_Senis.ESmu190820__Tongue.keratinocyte	-4.460561908405367e-09	2.6981094914021765e-09	0.9508566999575901
Tabula_Muris_Senis.ESmu190820__Lung.T_cell	-6.01258203782501e-09	3.6356433868952715e-09	0.9509146642656335
Tabula_Muris_Senis.ESmu190820__Lung.B_cell	-6.528282687407395e-09	3.94243292432618e-09	0.9511291698915569
Tabula_Muris_Senis.ESmu190820__Fat.NK_cell	-7.32172517411489e-09	4.301776640886492e-09	0.9556245236892595
Tabula_Muris_Senis.ESmu190820__Limb_Muscle.macrophage	-6.204261077663294e-09	3.5866733356831884e-09	0.958167828467411
Tabula_Muris_Senis.ESmu190820__Lung.granulocyte	-5.717493268171607e-09	3.278371348788749e-09	0.9594208177184314
Tabula_Muris_Senis.ESmu190820__Fat.B_cell	-6.622515527021393e-09	3.7402427172831054e-09	0.9616873082566411
Tabula_Muris_Senis.ESmu190820__Liver.neutrophil	-7.107634970615619e-09	4.013123739754022e-09	0.9617277872239876
Tabula_Muris_Senis.ESmu190820__Bladder.bladder_urothelial_cell	-4.850855304429283e-09	2.708439824975407e-09	0.9633545249618348
Tabula_Muris_Senis.ESmu190820__Limb_Muscle.endothelial_cell	-6.147144553938668e-09	3.405405302836618e-09	0.9644715722603165
Tabula_Muris_Senis.ESmu190820__Marrow.megakaryocyte-erythroid_progenitor_cell	-7.322299131384837e-09	4.002332332185619e-09	0.9663382310911974
Tabula_Muris_Senis.ESmu190820__Liver.T_cell	-6.667513963933954e-09	3.5320530706904417e-09	0.9704679729237539
Tabula_Muris_Senis.ESmu190820__Liver.B_cell	-8.547881127749799e-09	4.343731833663176e-09	0.9754582570684414
Tabula_Muris_Senis.ESmu190820__Thymus.endothelial_cell	-7.454983048833627e-09	3.5115151640087867e-09	0.9831235078536148
Tabula_Muris_Senis.ESmu190820__Trachea.endothelial_cell	-6.665639717729352e-09	3.0353476692129005e-09	0.9859542197365985
Tabula_Muris_Senis.ESmu190820__Trachea.basal_epithelial_cell_of_tracheobronchial_tree	-6.909570168946069e-09	3.112433434412625e-09	0.9867902666273967
Tabula_Muris_Senis.ESmu190820__Lung.lymphocyte	-7.393138884469443e-09	3.1109613105864136e-09	0.9912606573395132
Tabula_Muris_Senis.ESmu190820__Fat.endothelial_cell	-7.0802054677227314e-09	2.9047570294641652e-09	0.9926044085453057
Tabula_Muris_Senis.ESmu190820__Limb_Muscle.B_cell	-1.1482957458254741e-08	4.489050978183751e-09	0.9947360775562986
Tabula_Muris_Senis.ESmu190820__Fat.T_cell	-8.060188109592998e-09	3.0241682396624916e-09	0.9961535342702608
Tabula_Muris_Senis.ESmu190820__Lung.endothelial_cell	-8.162581091769868e-09	2.8860836031204966e-09	0.9976598763084654
Tabula_Muris_Senis.ESmu190820__Lung.stromal_cell	-9.216017590186273e-09	3.13453400575335e-09	0.9983597624854337
