Name	Coefficient	Coefficient_std_error	Coefficient_P_value
Tabula_Muris_Senis.ESmu190820__Spleen.T_cell	1.4727908334280132e-07	3.97787895894609e-08	0.00010676262694072058
Tabula_Muris_Senis.ESmu190820__Liver.NK_cell	1.6442248798974374e-07	4.7009131374107744e-08	0.00023466962864608702
Tabula_Muris_Senis.ESmu190820__Lung.T_cell	1.9350361991937364e-07	5.7608245201492916e-08	0.00039118616604467174
Tabula_Muris_Senis.ESmu190820__Marrow.immature_B_cell	1.3665602004246816e-07	4.1774895202599175e-08	0.0005353708527405315
Tabula_Muris_Senis.ESmu190820__Thymus.DN4_thymocyte	7.862339586985072e-08	2.4146811978089485e-08	0.0005648553724537614
Tabula_Muris_Senis.ESmu190820__Trachea.T_cell	1.495393185202144e-07	4.626222195650682e-08	0.000613714528965858
Tabula_Muris_Senis.ESmu190820__Fat.T_cell	1.1781942735525354e-07	3.653330465677293e-08	0.0006298922609045025
Tabula_Muris_Senis.ESmu190820__Fat.B_cell	8.656788827645845e-08	2.7196367297022703e-08	0.0007286167649313992
Tabula_Muris_Senis.ESmu190820__Kidney.T_cell	1.6047162370643415e-07	5.1663021271678844e-08	0.0009477938948173537
Tabula_Muris_Senis.ESmu190820__Spleen.NK_cell	1.188524639217177e-07	3.953117466440475e-08	0.0013211517961691716
Tabula_Muris_Senis.ESmu190820__Marrow.MPP_Fraction_C	9.216191732141309e-08	3.1111343699592715e-08	0.0015266256131260425
Tabula_Muris_Senis.ESmu190820__Limb_Muscle.T_cell	1.9274153561448198e-07	6.991226094385848e-08	0.0029175556583209703
Tabula_Muris_Senis.ESmu190820__Spleen.B_cell	5.589902252498955e-08	2.0298936002931973e-08	0.0029454708027389655
Tabula_Muris_Senis.ESmu190820__Marrow.MPP_Fraction_B	7.137557657279829e-08	2.689021811836971e-08	0.00397327549601775
Tabula_Muris_Senis.ESmu190820__Liver.T_cell	1.0593308620598005e-07	4.064612712957385e-08	0.004577271251835528
Tabula_Muris_Senis.ESmu190820__Kidney.macrophage	7.233217435621801e-08	2.8186925275482036e-08	0.005141561664787021
Tabula_Muris_Senis.ESmu190820__Brain_Non-Myeloid.macrophage	7.116791719634262e-08	2.7990881278239746e-08	0.005502510379743794
Tabula_Muris_Senis.ESmu190820__Pancreas.pancreatic_D_cell	4.433445645790182e-08	1.76584669148736e-08	0.006025236699233928
Tabula_Muris_Senis.ESmu190820__Fat.NK_cell	1.0846750006554137e-07	4.4005049615431304e-08	0.006852812361565596
Tabula_Muris_Senis.ESmu190820__Marrow.granulocytopoietic_cell	7.8164177381142e-08	3.171999747698548e-08	0.006866118388689285
Tabula_Muris_Senis.ESmu190820__Liver.myeloid_leukocyte	7.122927215197488e-08	2.921268184171512e-08	0.00737826789188409
Tabula_Muris_Senis.ESmu190820__Thymus.professional_antigen_presenting_cell	5.7879457207295076e-08	2.4755189567168318e-08	0.009691713113532448
Tabula_Muris_Senis.ESmu190820__Pancreas.leukocyte	7.307614335699206e-08	3.238782144658916e-08	0.012026406030144286
Tabula_Muris_Senis.ESmu190820__Kidney.B_cell	6.772299812989294e-08	3.218559726570128e-08	0.01768312435486922
Tabula_Muris_Senis.ESmu190820__Limb_Muscle.macrophage	6.274000865790904e-08	3.0389047803253216e-08	0.019482331680631588
Tabula_Muris_Senis.ESmu190820__Marrow.naive_B_cell	3.983748361533206e-08	1.9936001472649365e-08	0.022843779706524504
Tabula_Muris_Senis.ESmu190820__Lung.epithelial_cell	4.3663109807724025e-08	2.1900861055784803e-08	0.02309401468097955
Tabula_Muris_Senis.ESmu190820__Brain_Myeloid.macrophage	5.0541027419513364e-08	2.5637495906416775e-08	0.024340702225999645
Tabula_Muris_Senis.ESmu190820__Trachea.macrophage	4.1432183544770754e-08	2.2150881986280435e-08	0.03071046933190132
Tabula_Muris_Senis.ESmu190820__Trachea.chondrocyte	3.25191304240525e-08	2.0266799325624662e-08	0.0542962321478586
Tabula_Muris_Senis.ESmu190820__Marrow.Cd4+_macrophage	3.274508967883076e-08	2.1478943367545283e-08	0.06368936878762613
Tabula_Muris_Senis.ESmu190820__Lung.B_cell	4.014457057324564e-08	2.7321724481242483e-08	0.07087194379780425
Tabula_Muris_Senis.ESmu190820__Brain_Non-Myeloid.Il6_expressing_cells	2.6836204226962248e-08	1.840781050769298e-08	0.07243811825485297
Tabula_Muris_Senis.ESmu190820__Heart.ventricular_myocyte	2.4417631651869382e-08	1.677509741468916e-08	0.07275326411583646
Tabula_Muris_Senis.ESmu190820__Marrow.basophil	3.53329299789289e-08	2.4338863792257977e-08	0.07329136868038495
Tabula_Muris_Senis.ESmu190820__Lung.stromal_cell	2.717925522732449e-08	1.912849890518958e-08	0.07767617598217208
Tabula_Muris_Senis.ESmu190820__Brain_Non-Myeloid.nan	2.602068359823455e-08	1.9290379392281367e-08	0.08868545307875308
Tabula_Muris_Senis.ESmu190820__Liver.B_cell	5.184194939056381e-08	3.858026073901809e-08	0.08951577842149738
Tabula_Muris_Senis.ESmu190820__Skin.basal_cell_of_epidermis	2.081846723951906e-08	1.562673291973628e-08	0.09139162909522286
Tabula_Muris_Senis.ESmu190820__Heart.leukocyte	2.3224411828914557e-08	1.8184334607280295e-08	0.10077184392030869
Tabula_Muris_Senis.ESmu190820__Pancreas.pancreatic_B_cell	1.5083702886221498e-08	1.1955681519128989e-08	0.10354012865555429
Tabula_Muris_Senis.ESmu190820__Limb_Muscle.B_cell	4.268703857163912e-08	3.4423439862214684e-08	0.10747709689514562
Tabula_Muris_Senis.ESmu190820__Trachea.mucus_secreting_cell	2.7765645699905132e-08	2.2800196539542265e-08	0.11165360688495896
Tabula_Muris_Senis.ESmu190820__Limb_Muscle.mesenchymal_stem_cell	2.0783333021264033e-08	1.732723148495182e-08	0.11517443072185946
Tabula_Muris_Senis.ESmu190820__Trachea.fibroblast	1.538683594017954e-08	1.3101168134675601e-08	0.12010483158423796
Tabula_Muris_Senis.ESmu190820__Trachea.smooth_muscle_cell_of_trachea	2.8126371059926733e-08	2.4058899818591187e-08	0.12118911263155052
Tabula_Muris_Senis.ESmu190820__Brain_Non-Myeloid.medium_spiny_neuron	1.4753675079984368e-08	1.2940446773130926e-08	0.1271179476290749
Tabula_Muris_Senis.ESmu190820__Thymus.epithelial_cell_of_thymus	1.8167051836492925e-08	1.7903731555188913e-08	0.1551226236643578
Tabula_Muris_Senis.ESmu190820__Marrow.NK_cell	2.5523225985586297e-08	2.5793022345629073e-08	0.16119951743225192
Tabula_Muris_Senis.ESmu190820__Brain_Non-Myeloid.interneuron	1.3285368873235099e-08	1.3460238443242801e-08	0.161819251886744
Tabula_Muris_Senis.ESmu190820__Liver.Kupffer_cell	1.7293395822914883e-08	1.767015518824276e-08	0.16386950131183575
Tabula_Muris_Senis.ESmu190820__Thymus.endothelial_cell	2.2915900742535862e-08	2.4575814714433435e-08	0.17555009148436107
Tabula_Muris_Senis.ESmu190820__Kidney.kidney_loop_of_Henle_ascending_limb_epithelial_cell	2.7602757886118827e-08	3.1753971828927434e-08	0.19234988202429004
Tabula_Muris_Senis.ESmu190820__Spleen.granulocyte	3.618486272841403e-08	4.1927121897692205e-08	0.19405721650039903
Tabula_Muris_Senis.ESmu190820__Marrow.early_pro-B_cell	1.2166322148627405e-08	1.4357102690331913e-08	0.19838390311622062
Tabula_Muris_Senis.ESmu190820__Large_Intestine.epithelial_cell_of_large_intestine	1.62490957483793e-08	1.982552241382561e-08	0.20622068346655714
Tabula_Muris_Senis.ESmu190820__Pancreas.pancreatic_PP_cell	1.618139774157358e-08	1.985015596929468e-08	0.20748539755676354
Tabula_Muris_Senis.ESmu190820__Lung.monocyte	2.1584663409196508e-08	2.6593245390736537e-08	0.2084934857631353
Tabula_Muris_Senis.ESmu190820__Liver.endothelial_cell_of_hepatic_sinusoid	1.733579171633591e-08	2.1722841996582442e-08	0.21242237163995348
Tabula_Muris_Senis.ESmu190820__Marrow.HSC_enriched_fraction	1.2808547129581302e-08	1.6252511225315065e-08	0.2153201326486201
Tabula_Muris_Senis.ESmu190820__Marrow.MPP_Fraction_A	1.482978445550465e-08	1.8975449719526186e-08	0.21724694962390456
Tabula_Muris_Senis.ESmu190820__Brain_Non-Myeloid.astrocyte	1.1511187498336285e-08	1.517305395294612e-08	0.22402801715613402
Tabula_Muris_Senis.ESmu190820__Large_Intestine.Brush_cell_of_epithelium_proper_of_large_intestine	1.8911792518340645e-08	2.5214284439875133e-08	0.22661446369789062
Tabula_Muris_Senis.ESmu190820__Bladder.bladder_cell	1.2456889622695174e-08	1.721034485054723e-08	0.23459351510092968
Tabula_Muris_Senis.ESmu190820__Lung.myeloid_cell	1.251011455446269e-08	1.7625249065429716e-08	0.23891913823433247
Tabula_Muris_Senis.ESmu190820__Marrow.nan	1.663682805976707e-08	2.4278967653410954e-08	0.24659743519834765
Tabula_Muris_Senis.ESmu190820__Fat.myeloid_cell	1.2312400023307539e-08	1.8044490425067662e-08	0.2475133516830218
Tabula_Muris_Senis.ESmu190820__Pancreas.pancreatic_stellate_cell	1.730851473392581e-08	2.584135893225775e-08	0.25149298577458035
Tabula_Muris_Senis.ESmu190820__Brain_Non-Myeloid.neuron	7.574751928635608e-09	1.2586893099420124e-08	0.273654704334207
Tabula_Muris_Senis.ESmu190820__Limb_Muscle.endothelial_cell	1.3724885530748623e-08	2.3547554889499345e-08	0.279994379815089
Tabula_Muris_Senis.ESmu190820__Marrow.late_pro-B_cell	1.2963735749444487e-08	2.4235506008816436e-08	0.29635717031789455
Tabula_Muris_Senis.ESmu190820__Skin.epidermal_cell	8.777993042281774e-09	1.719954696397481e-08	0.3048989806297421
Tabula_Muris_Senis.ESmu190820__Kidney.epithelial_cell_of_proximal_tubule	8.939406453695048e-09	1.8722242926775102e-08	0.3165118926564225
Tabula_Muris_Senis.ESmu190820__Large_Intestine.enteroendocrine_cell	8.876916683791314e-09	1.8778570578970774e-08	0.3182081725986475
Tabula_Muris_Senis.ESmu190820__Pancreas.pancreatic_ductal_cell	8.820876039951385e-09	1.8827002465479635e-08	0.31970545856337307
Tabula_Muris_Senis.ESmu190820__Thymus.nan	1.4470183001287709e-08	3.278173075338075e-08	0.3294581105110285
Tabula_Muris_Senis.ESmu190820__Marrow.Marrow_Cd4_T_cell	7.338629105294664e-09	1.7858354820303764e-08	0.34055997412978645
Tabula_Muris_Senis.ESmu190820__Tongue.basal_cell_of_epidermis	6.579683488447013e-09	1.6721467720646084e-08	0.34697983858455583
Tabula_Muris_Senis.ESmu190820__Brain_Myeloid.microglial_cell	7.120129245436917e-09	1.872997533615814e-08	0.35191844053474586
Tabula_Muris_Senis.ESmu190820__Tongue.keratinocyte	6.4892699835288375e-09	1.7640173313664473e-08	0.3564855201281798
Tabula_Muris_Senis.ESmu190820__Bladder.bladder_urothelial_cell	5.0992294391217596e-09	1.6586724522786875e-08	0.3792586740686997
Tabula_Muris_Senis.ESmu190820__Pancreas.pancreatic_acinar_cell	4.042697281596471e-09	1.4612321077649661e-08	0.3910192140013723
Tabula_Muris_Senis.ESmu190820__Thymus.thymocyte	4.825533147751575e-09	1.787744649443243e-08	0.3936097642599906
Tabula_Muris_Senis.ESmu190820__Brain_Non-Myeloid.endothelial_cell	5.075622270776507e-09	2.2112167028210836e-08	0.40922469739164236
Tabula_Muris_Senis.ESmu190820__Marrow.megakaryocyte-erythroid_progenitor_cell	6.0382524797978716e-09	2.678634132384373e-08	0.4108251820569454
Tabula_Muris_Senis.ESmu190820__Heart.valve_cell	3.756098537126106e-09	2.1213558394972024e-08	0.4297301511372915
Tabula_Muris_Senis.ESmu190820__Brain_Non-Myeloid.oligodendrocyte_precursor_cell	2.29543462765161e-09	1.3633031539258255e-08	0.4331449178547857
Tabula_Muris_Senis.ESmu190820__Heart.atrial_myocyte	1.7172651644567467e-09	1.391237233433762e-08	0.4508815638016468
Tabula_Muris_Senis.ESmu190820__Trachea.granulocyte	1.6630494746905211e-09	2.7147677737658622e-08	0.4755763263751594
Tabula_Muris_Senis.ESmu190820__Limb_Muscle.skeletal_muscle_satellite_cell	-8.71398733445394e-10	1.8969980151833234e-08	0.5183192378786441
Tabula_Muris_Senis.ESmu190820__Kidney.mesangial_cell	-1.2084103407085979e-09	2.4789056448888263e-08	0.5194398327552776
Tabula_Muris_Senis.ESmu190820__Pancreas.pancreatic_A_cell	-2.3280774731709412e-09	1.465439602419017e-08	0.5631125659124936
Tabula_Muris_Senis.ESmu190820__Pancreas.endothelial_cell	-5.060479332146145e-09	2.3184918413278614e-08	0.5863890668795799
Tabula_Muris_Senis.ESmu190820__Marrow.nan-marrow-needs-subclustering	-3.5013945004915515e-09	1.4500354751501995e-08	0.5954044027724809
Tabula_Muris_Senis.ESmu190820__Skin.keratinocyte_stem_cell	-4.0493469700538385e-09	1.548797153820545e-08	0.6031276669685183
Tabula_Muris_Senis.ESmu190820__Large_Intestine.intestinal_crypt_stem_cell	-5.3631219367088485e-09	1.497534206873862e-08	0.6398770523868677
Tabula_Muris_Senis.ESmu190820__Marrow.erythroid_progenitor	-7.179304939212962e-09	1.963531436121494e-08	0.6426802611497265
Tabula_Muris_Senis.ESmu190820__Trachea.basal_epithelial_cell_of_tracheobronchial_tree	-8.139609822700053e-09	1.9131600714131923e-08	0.66474700734648
Tabula_Muris_Senis.ESmu190820__Heart.endothelial_cell_of_coronary_artery	-8.903941298164492e-09	2.06421939202314e-08	0.6668918341902613
Tabula_Muris_Senis.ESmu190820__Large_Intestine.enterocyte_of_epithelium_of_large_intestine	-6.849665642593172e-09	1.5563720551033336e-08	0.6700693395500756
Tabula_Muris_Senis.ESmu190820__Large_Intestine.large_intestine_goblet_cell	-7.025804887354782e-09	1.478022366297357e-08	0.682731853243673
Tabula_Muris_Senis.ESmu190820__Heart.endocardial_cell	-1.1034232596019998e-08	1.9904571331932274e-08	0.7103326253616975
Tabula_Muris_Senis.ESmu190820__Kidney.fenestrated_cell	-1.2914366120397132e-08	2.2651295137011768e-08	0.7157079784120405
Tabula_Muris_Senis.ESmu190820__Liver.hepatocyte	-8.41642344839429e-09	1.3249798150335354e-08	0.7373547405737605
Tabula_Muris_Senis.ESmu190820__Heart.fibroblast_of_cardiac_tissue	-8.08117438932978e-09	1.172410569981696e-08	0.7546759981240823
Tabula_Muris_Senis.ESmu190820__Kidney.kidney_collecting_duct_principal_cell	-1.6873874444852495e-08	2.426559533030119e-08	0.756592240612219
Tabula_Muris_Senis.ESmu190820__Fat.mesenchymal_stem_cell_of_adipose	-9.195921116766221e-09	1.2378438712581047e-08	0.7712283734824477
Tabula_Muris_Senis.ESmu190820__Kidney.kidney_collecting_duct_epithelial_cell	-1.5108526694934332e-08	1.9057276351592347e-08	0.786051568133113
Tabula_Muris_Senis.ESmu190820__Marrow.granulocyte	-1.635703464008074e-08	2.036523801801057e-08	0.7890658225774891
Tabula_Muris_Senis.ESmu190820__Brain_Non-Myeloid.Bergmann_glial_cell	-1.277960136260168e-08	1.5271141084123302e-08	0.798660579326044
Tabula_Muris_Senis.ESmu190820__Brain_Non-Myeloid.oligodendrocyte	-1.0590889990475331e-08	1.2547490433338035e-08	0.800683290287735
Tabula_Muris_Senis.ESmu190820__Large_Intestine.secretory_cell	-1.4698553031070406e-08	1.4827499750703442e-08	0.8392313081652436
Tabula_Muris_Senis.ESmu190820__Fat.endothelial_cell	-1.962988318557321e-08	1.924798548917315e-08	0.8460980430755041
Tabula_Muris_Senis.ESmu190820__Spleen.proerythroblast	-2.499642828914573e-08	2.4304548369765298e-08	0.8481349195726309
Tabula_Muris_Senis.ESmu190820__Lung.nan	-2.5033712363272657e-08	2.3926097388613263e-08	0.85228715186573
Tabula_Muris_Senis.ESmu190820__Fat.epithelial_cell	-1.5594325232039443e-08	1.473993379307859e-08	0.8549641638757306
Tabula_Muris_Senis.ESmu190820__Liver.neutrophil	-3.063992340829786e-08	2.8435255123551523e-08	0.8593788734338537
Tabula_Muris_Senis.ESmu190820__Lung.granulocyte	-2.7278245805632696e-08	2.4373036649736085e-08	0.8684720901683363
Tabula_Muris_Senis.ESmu190820__Lung.macrophage	-2.8994720933636682e-08	2.4502667649048774e-08	0.8816606382108128
Tabula_Muris_Senis.ESmu190820__Brain_Non-Myeloid.ependymal_cell	-2.026774960953388e-08	1.6388311148946678e-08	0.8919044455454648
Tabula_Muris_Senis.ESmu190820__Heart.smooth_muscle_cell	-2.249497479022423e-08	1.7984035223453573e-08	0.8945017871429572
Tabula_Muris_Senis.ESmu190820__Lung.endothelial_cell	-2.244918128250064e-08	1.6590511665041515e-08	0.911993547529912
Tabula_Muris_Senis.ESmu190820__Marrow.precursor_B_cell	-2.6353766886107282e-08	1.919734563212305e-08	0.9150899063891353
Tabula_Muris_Senis.ESmu190820__Trachea.endothelial_cell	-3.1838603223620424e-08	2.3148215789123458e-08	0.9154999279431912
Tabula_Muris_Senis.ESmu190820__Lung.lymphocyte	-2.6231469308865716e-08	1.866797729379128e-08	0.9200129428126727
Tabula_Muris_Senis.ESmu190820__Trachea.ciliated_columnar_cell_of_tracheobronchial_tree	-2.6724952884921274e-08	1.840470850209434e-08	0.9267591387952226
Tabula_Muris_Senis.ESmu190820__Brain_Non-Myeloid.neuronal_stem_cell	-4.04250391086993e-08	2.615980541952866e-08	0.938864490635783
Tabula_Muris_Senis.ESmu190820__Kidney.Kidney-new-24m-cluster	-2.8574083612738613e-08	1.62572325409451e-08	0.9605941497735258
Tabula_Muris_Senis.ESmu190820__Brain_Non-Myeloid.brain_pericyte	-3.9746809280561645e-08	1.7903867728836613e-08	0.986791038786165
Tabula_Muris_Senis.ESmu190820__Lung.glial_cell	-5.231391027238843e-08	1.9650840658093166e-08	0.9961180858509175
